0,009	0,000
0,009	0,000
0,009	0,000
0,009	0,000
0,009	0,000
0,009	0,000
0,009	0,000
0,009	0,000
0,009	0,000
0,047	0,000
0,047	0,000
0,047	0,000
0,047	0,000
0,037	0,000
0,037	0,000
0,037	0,000
0,037	0,000
0,037	0,000
0,037	0,000
0,037	0,000
0,037	0,000
0,037	0,000
0,037	0,000
0,037	0,000
0,000	0,000
0,000	0,000
0,000	0,000
0,000	0,000
0,000	0,000
0,000	0,000
0,000	0,000
0,000	0,000
0,000	0,000
0,000	0,000
0,000	0,000
0,000	0,000
0,000	0,000
0,000	0,000
0,000	0,000
0,000	0,000
0,000	0,000
3,240	0,000
6,142	0,000
7,528	0,000
7,528	0,000
7,528	0,000
9,953	0,000
9,953	0,000
9,953	0,000
9,953	0,000
9,953	0,000
9,953	0,000
9,953	0,000
9,953	0,000
9,953	0,000
9,953	0,000
6,713	0,000
3,811	0,000
2,425	0,000
2,425	0,000
2,425	0,000
0,000	0,000
0,000	0,000
0,000	0,000
0,000	0,000
0,000	0,000
0,000	0,000
0,000	0,000
0,000	0,000
0,000	0,000
0,000	0,000
0,000	0,000
0,000	0,000
0,000	0,000
0,000	0,000
0,000	0,000
0,000	0,000
0,000	0,000
0,000	0,000
0,000	0,000
0,000	0,000
0,000	0,000
0,000	0,000
0,000	0,000
0,000	0,000
0,000	0,000
0,000	0,000
0,000	0,000
0,000	0,000
0,000	0,000
0,000	0,000
0,000	0,000
0,000	0,000
0,000	0,000
0,000	0,000
0,000	0,000
0,000	0,000
0,000	0,000
0,000	0,000
0,000	0,000
0,000	0,000
0,000	0,000
0,000	0,000
0,000	0,000
0,000	0,000
0,000	0,000
0,000	0,000
0,000	0,000
0,000	0,000
0,000	0,000
0,000	0,000
0,000	0,000
0,000	0,000
0,000	0,000
0,000	0,000
0,000	0,000
0,000	0,000
0,000	0,000
0,000	0,000
0,000	0,000
0,000	0,000
0,000	0,000
0,000	0,000
0,000	0,000
0,000	0,000
0,000	0,000
0,000	0,000
0,000	0,000
0,000	0,000
0,000	0,000
0,000	0,000
0,000	0,000
0,000	0,000
0,000	0,000
0,000	0,000
0,019	0,000
0,019	0,000
0,019	0,000
0,019	0,000
0,019	0,000
0,019	0,000
0,019	0,000
0,019	0,000
0,019	0,000
0,019	0,000
0,019	0,000
0,019	0,000
0,019	0,000
0,019	0,000
0,019	0,000
0,000	0,000
0,000	0,000
0,000	0,000
0,000	0,000
0,000	0,000
0,000	0,000
0,000	0,000
0,000	0,000
0,000	0,000
0,000	0,000
0,000	0,000
0,000	0,000
0,000	0,000
0,000	0,000
0,000	0,000
0,000	0,000
0,000	0,000
0,000	0,000
0,000	0,000
0,000	0,000
0,000	0,000
0,000	0,000
0,000	0,000
0,000	0,000
0,000	0,000
0,000	0,000
0,000	0,000
0,000	0,000
0,000	0,000
0,000	0,000
0,000	0,000
0,000	0,000
0,000	0,000
0,000	0,000
0,000	0,000
0,000	0,000
0,000	0,000
0,000	0,000
0,009	0,000
0,009	0,000
0,009	0,000
0,009	0,000
0,009	0,000
0,009	0,000
0,009	0,000
0,009	0,000
0,009	0,000
0,009	0,000
0,009	0,000
0,009	0,000
0,009	0,000
0,009	0,000
0,009	0,000
0,000	0,000
0,000	0,000
0,000	0,000
0,000	0,000
0,618	0,534
0,618	0,534
0,618	0,534
0,618	0,534
0,618	0,534
0,618	0,534
0,768	0,534
3,848	0,534
6,067	0,534
10,047	0,534
13,755	0,534
19,195	0,534
22,537	0,534
25,974	0,534
29,242	0,543
31,404	0,009
34,532	3,399
37,659	6,788
39,410	8,352
41,161	9,916
42,912	11,479
43,811	12,500
41,779	13,521
42,753	16,854
42,303	20,094
41,236	22,706
38,436	25,318
37,734	27,931
36,067	29,775
35,000	32,004
34,419	34,242
33,493	33,090
32,566	31,938
33,979	33,474
34,017	33,493
34,054	33,511
35,552	34,822
37,659	37,125
36,067	35,543
34,139	34,054
33,848	33,689
32,828	32,753
31,807	31,816
33,577	33,277
34,700	31,086
35,824	28,895
36,948	26,704
38,071	24,513
38,352	21,423
40,009	19,850
41,667	18,277
42,537	15,946
42,800	12,622
43,352	12,875
43,904	13,127
44,363	10,880
45,346	11,704
46,330	12,528
44,607	11,105
43,371	13,174
43,418	16,564
42,959	19,747
42,500	22,931
41,133	24,878
40,852	28,081
40,712	31,301
40,599	34,532
39,101	36,451
40,440	37,865
40,431	38,118
40,899	41,592
38,474	39,251
36,049	36,910
34,410	35,187
32,500	33,230
30,880	31,433
31,489	31,479
32,097	31,526
33,212	33,006
33,240	33,230
33,127	33,436
33,015	33,642
34,288	35,159
30,796	31,742
28,923	29,728
25,918	26,498
26,011	26,582
26,105	26,667
27,781	28,418
29,457	30,169
29,560	30,440
27,940	29,073
27,753	28,933
25,993	26,873
25,955	26,395
24,092	24,101
22,228	21,807
20,365	19,513
23,633	19,551
26,601	22,706
28,399	24,504
30,197	26,301
29,925	26,058
30,187	26,358
30,449	26,657
30,712	26,957
30,655	27,013
29,167	25,843
31,058	27,678
31,227	27,931
32,004	28,886
32,931	29,981
33,858	31,077
32,725	33,315
32,875	29,916
32,528	29,775
31,648	29,073
33,979	31,498
34,195	31,713
35,496	32,715
36,798	33,717
38,418	34,963
40,037	36,208
40,131	36,208
40,225	36,208
38,792	34,878
37,210	33,408
35,627	31,938
34,700	30,908
32,519	32,154
32,303	31,788
32,622	31,985
32,125	31,498
33,127	29,073
31,470	25,861
31,395	22,650
27,978	19,438
24,560	16,227
21,142	13,015
17,725	9,803
17,051	9,036
16,376	8,268
15,702	7,500
14,494	6,255
13,287	5,009
11,779	3,474
10,272	1,938
8,436	0,000
5,103	0,000
3,343	0,000
0,000	0,000
0,000	0,000
0,000	0,000
0,000	0,000
0,000	0,000
0,000	0,000
0,000	0,000
0,000	0,000
0,000	0,000
0,000	0,000
0,000	0,000
0,000	0,000
0,000	0,000
0,000	0,000
0,000	0,000
0,000	0,000
0,000	0,000
0,000	0,000
0,000	0,000
0,000	0,000
0,000	0,000
0,000	0,000
0,000	0,000
0,000	0,000
0,000	0,000
0,000	0,000
0,000	0,000
0,178	0,159
0,178	0,159
0,178	0,159
0,178	0,159
0,178	0,159
0,178	0,159
0,936	0,861
0,936	0,861
0,936	0,861
0,936	0,861
0,936	0,861
0,936	0,861
0,936	0,861
0,936	0,861
0,936	0,861
0,758	0,702
0,758	0,702
0,758	0,702
0,758	0,702
0,758	0,702
0,758	0,702
0,000	0,000
0,000	0,000
0,000	0,000
0,000	0,000
0,000	0,000
0,000	0,000
0,000	0,000
0,000	0,000
0,000	0,000
0,000	0,000
0,000	0,000
0,000	0,000
0,000	0,000
0,000	0,000
0,000	0,000
0,000	0,000
0,000	0,000
0,000	0,000
0,000	0,000
0,000	0,000
0,000	0,000
0,000	0,000
0,000	0,000
0,000	0,000
0,000	0,000
0,000	0,000
0,000	0,000
0,000	0,000
0,000	0,000
0,000	0,000
0,000	0,000
0,000	0,000
0,000	0,000
0,000	0,000
0,000	0,000
0,000	0,000
0,000	0,000
0,000	0,000
0,000	0,000
0,000	0,000
0,000	0,000
0,000	0,000
0,000	0,000
0,000	0,000
0,000	0,000
0,000	0,000
0,000	0,000
0,000	0,000
0,000	0,000
0,000	0,000
0,000	0,000
0,000	0,000
0,000	0,000
0,000	0,000
0,000	0,000
0,000	0,000
0,000	0,000
0,000	0,000
0,000	0,000
0,000	0,000
0,000	0,000
0,000	0,000
0,000	0,000
0,000	0,000
0,000	0,000
0,000	0,000
0,000	0,000
0,000	0,000
0,000	0,000
0,000	0,000
0,000	0,000
0,000	0,000
0,000	0,000
0,000	0,000
0,000	0,000
0,000	0,000
0,000	0,000
0,000	0,000
0,000	0,000
0,000	0,000
0,000	0,000
0,000	0,000
0,000	0,000
0,000	0,000
0,000	0,000
0,000	0,000
0,000	0,000
0,000	0,000
0,000	0,000
0,000	0,000
0,000	0,000
0,000	0,000
0,000	0,000
0,000	0,000
0,000	0,000
0,000	0,000
0,000	0,000
0,000	0,000
0,000	0,000
0,000	0,000
0,000	0,000
0,000	0,000
0,000	0,000
0,000	0,000
0,000	0,000
0,000	0,000
0,000	0,000
0,000	0,000
0,019	0,000
2,603	0,000
5,899	0,000
8,867	0,000
12,257	0,000
15,693	0,000
18,989	0,000
21,077	0,000
24,457	0,000
26,264	0,000
28,549	0,000
31,910	0,000
35,318	0,000
38,670	0,047
41,966	0,047
45,272	0,066
46,301	0,066
46,105	0,075
45,861	0,075
43,783	0,075
42,088	0,075
42,135	0,075
43,221	0,075
43,324	0,075
44,878	0,075
45,908	0,112
45,787	0,112
45,768	0,112
45,787	0,066
45,861	0,066
44,391	1,854
44,513	1,854
45,150	1,845
45,787	1,845
47,238	1,845
48,867	1,845
48,773	1,891
48,961	5,431
48,839	8,970
48,867	12,519
48,933	12,481
49,167	12,491
49,251	12,500
48,633	12,500
48,699	12,500
49,663	10,693
49,354	10,693
49,045	10,693
49,110	10,693
49,644	13,839
49,635	17,097
49,682	17,051
49,700	13,549
49,719	10,047
49,710	6,536
49,710	6,573
49,017	9,288
47,800	11,433
46,676	12,734
44,869	14,036
43,680	15,337
41,732	16,592
40,075	18,240
38,418	19,888
38,455	19,775
36,957	18,258
36,938	21,536
35,899	23,858
35,037	26,451
34,176	29,045
32,266	30,571
30,955	29,410
29,045	27,556
30,730	26,255
30,899	26,536
31,067	26,816
29,588	25,562
29,738	25,871
31,498	27,434
31,695	27,612
33,361	29,082
33,614	29,017
33,886	29,232
33,755	29,110
33,624	28,989
34,139	29,270
33,493	28,558
36,367	31,423
36,273	34,588
37,697	36,170
39,120	37,753
42,341	40,918
43,642	42,125
43,333	42,079
41,189	40,403
40,730	40,721
40,272	41,039
40,075	40,815
39,457	40,318
38,839	39,822
37,350	38,521
39,757	40,805
39,860	40,983
40,122	41,133
40,384	41,283
40,646	41,433
39,092	39,822
37,537	38,212
35,983	36,601
37,828	38,352
37,219	37,069
36,021	35,131
36,142	35,309
37,537	36,639
38,933	37,968
39,775	38,642
39,316	38,071
36,451	35,225
33,427	32,406
31,704	30,964
29,728	29,298
29,569	29,391
29,410	29,485
29,251	29,579
27,491	27,912
27,060	27,584
27,219	27,912
26,713	27,303
25,581	25,880
24,448	24,457
23,240	23,408
23,933	24,007
26,938	26,676
29,625	29,513
30,637	27,650
31,451	28,174
32,266	28,699
34,185	27,051
35,281	27,865
37,163	29,616
38,230	27,706
40,290	25,787
42,350	23,867
43,801	21,957
45,253	20,047
48,596	23,090
48,764	22,210
48,933	21,330
49,242	17,996
50,131	21,358
51,124	19,185
52,247	17,032
52,360	17,032
52,594	17,463
50,880	15,693
49,625	15,684
47,378	15,684
44,850	17,294
44,625	20,693
42,856	22,350
41,891	21,526
40,768	21,629
39,644	21,732
38,699	24,120
37,547	23,137
36,742	25,524
35,805	27,893
34,775	30,281
34,476	29,700
35,375	30,412
36,067	32,725
36,760	35,037
38,436	33,427
38,558	30,019
40,075	28,352
40,852	25,964
41,582	23,577
42,491	21,189
42,200	20,955
43,202	22,079
43,586	22,884
43,970	23,689
41,461	21,301
41,002	21,199
41,685	22,097
40,768	21,423
40,066	20,946
38,661	22,781
38,455	26,245
36,676	27,809
34,841	29,373
34,934	32,537
34,850	35,702
35,964	36,713
32,556	33,296
29,766	30,197
30,150	27,004
31,816	27,004
33,333	24,794
33,567	24,897
35,225	23,258
36,788	21,423
37,463	19,588
39,298	16,124
40,468	14,560
42,612	12,996
39,279	9,831
39,345	6,667
38,483	3,502
41,142	6,049
42,069	5,955
42,079	5,955
43,605	5,955
41,639	5,955
41,442	2,640
42,612	2,640
42,453	2,640
43,258	2,640
41,395	2,640
42,294	2,640
41,985	2,640
45,421	2,640
43,745	2,640
43,034	2,640
43,848	0,000
47,257	0,000
46,404	0,000
45,655	0,000
47,257	0,000
48,324	0,000
47,331	0,000
47,444	0,000
47,566	0,000
46,957	0,000
48,586	0,000
50,487	0,000
50,375	0,000
52,350	0,000
53,867	0,000
54,757	0,000
53,642	0,000
54,485	0,000
55,356	0,000
55,449	0,000
54,185	0,000
54,850	0,000
54,841	0,000
54,691	0,000
55,365	0,000
52,275	0,000
52,154	0,000
53,043	0,000
52,912	0,000
52,949	0,000
51,835	0,000
51,676	0,000
51,695	0,000
51,845	0,000
50,562	0,000
51,770	0,000
50,964	0,000
50,974	0,000
50,861	0,000
47,650	0,000
49,026	0,000
47,762	0,000
45,028	0,000
45,543	0,000
44,232	0,000
45,534	0,000
45,730	0,000
46,255	0,000
46,788	0,000
48,109	0,000
45,609	0,000
45,674	0,000
46,732	0,000
44,775	0,000
48,155	0,000
46,835	0,037
46,077	0,037
46,208	0,037
45,487	0,037
46,732	0,037
45,028	0,037
45,609	0,037
45,197	0,037
44,625	0,037
44,579	0,056
45,693	0,056
45,534	0,056
44,401	0,056
44,906	0,056
44,869	0,056
45,983	0,019
45,009	0,019
45,637	0,019
42,743	0,019
42,772	0,019
43,193	0,019
41,489	0,019
41,395	0,019
41,273	0,019
39,906	0,000
40,384	0,000
40,262	0,000
40,768	0,000
42,397	0,000
42,481	0,000
42,631	0,000
43,942	0,000
45,758	0,000
48,998	0,000
49,148	0,000
48,249	0,000
49,185	0,000
48,792	0,000
48,886	0,000
47,603	0,000
45,599	0,000
45,899	0,000
46,199	0,000
46,049	0,000
44,850	0,000
45,187	0,000
45,066	0,000
45,075	0,000
44,728	0,000
43,642	0,000
44,438	0,000
45,637	0,000
46,114	0,019
43,118	0,019
44,663	0,019
46,648	0,019
46,386	0,019
45,440	0,019
45,627	0,019
48,811	0,019
50,506	0,019
50,796	0,019
49,504	2,903
49,448	2,903
50,412	2,903
50,946	2,903
46,573	2,903
43,174	2,884
42,772	2,884
40,562	2,884
37,219	2,884
34,082	2,884
30,946	2,884
27,556	2,884
22,144	2,884
16,732	2,884
13,184	2,884
10,412	0,000
7,107	0,000
3,801	0,000
0,000	0,000
0,000	0,000
0,000	0,000
0,000	0,000
0,000	0,000
0,000	0,000
0,000	0,000
0,000	0,000
0,000	0,000
0,000	0,000
0,000	0,000
0,000	0,000
0,000	0,000
0,000	0,000
0,000	0,000
0,000	0,000
0,000	0,000
0,000	0,000
0,000	0,000
0,000	0,000
0,000	0,000
0,000	0,000
0,000	0,000
0,000	0,000
0,000	0,000
0,000	0,000
0,000	0,000
0,000	0,000
0,000	0,000
0,000	0,000
0,000	0,000
0,000	0,000
0,000	0,000
0,000	0,000
0,000	0,000
0,000	0,000
0,000	0,000
0,000	0,000
0,000	0,000
0,000	0,000
0,000	0,000
0,000	0,000
0,000	0,000
0,000	0,000
0,000	0,000
0,000	0,000
0,000	0,000
0,000	0,000
0,000	0,000
0,000	0,000
0,000	0,000
0,000	0,000
0,000	0,000
0,000	0,000
0,000	0,000
0,000	0,000
0,000	0,000
0,000	0,000
0,000	0,000
0,000	0,000
0,000	0,000
0,000	0,000
0,000	0,000
0,000	0,000
0,000	0,000
0,000	0,000
0,000	0,000
0,000	0,000
0,000	0,000
0,000	0,000
0,000	0,000
0,000	0,000
0,000	0,000
0,000	0,000
0,000	0,000
0,000	0,000
0,000	0,000
0,000	0,000
0,000	0,000
0,000	0,000
0,000	0,000
0,000	0,000
0,000	0,000
0,000	0,000
0,000	0,000
0,000	0,000
0,000	0,000
0,000	0,000
0,000	0,000
0,000	0,000
0,000	0,000
0,000	0,000
0,000	0,000
0,000	0,000
0,000	0,000
0,000	0,000
0,000	0,000
0,000	0,000
0,000	0,000
0,000	0,000
0,000	0,000
0,000	0,000
0,000	0,000
0,000	0,000
0,000	0,000
0,000	0,000
0,000	0,000
0,000	0,000
0,000	0,000
0,000	0,000
0,000	0,000
0,000	0,000
0,000	0,000
0,000	0,000
0,000	0,000
0,000	0,000
0,000	0,000
0,000	0,000
0,000	0,000
0,000	0,000
0,000	0,000
0,000	0,000
0,000	0,000
0,000	0,000
0,000	0,000
0,000	0,000
0,000	0,000
0,000	0,000
0,000	0,000
0,000	0,000
0,000	0,000
0,000	0,000
0,000	0,000
0,000	0,000
0,000	0,000
0,000	0,000
0,000	0,000
0,000	0,000
0,000	0,000
0,000	0,000
0,000	0,000
0,000	0,000
0,000	0,000
0,000	0,000
0,000	0,000
0,000	0,000
0,000	0,000
0,000	0,000
0,000	0,000
0,000	0,000
0,000	0,000
6,330	0,000
9,307	0,000
12,800	0,000
16,573	0,000
18,455	0,000
21,760	0,000
24,064	0,000
25,655	0,000
28,745	0,000
32,125	0,000
35,412	0,000
38,558	0,000
41,957	0,000
45,665	0,000
49,157	0,000
47,032	0,000
46,470	0,000
45,393	0,000
43,277	0,000
44,120	2,978
44,073	6,564
45,028	10,150
46,695	13,736
46,863	17,322
46,742	20,908
44,616	22,200
44,588	22,200
44,513	22,200
44,129	22,200
43,961	22,200
42,303	22,200
43,502	22,200
43,099	22,200
44,139	22,200
44,766	19,260
44,925	15,674
44,850	12,088
46,704	8,502
48,558	4,916
48,633	1,330
50,693	0,047
51,030	3,933
51,320	7,200
51,470	7,210
50,140	8,876
49,391	10,712
47,575	12,547
47,987	14,813
48,511	14,850
48,380	14,850
48,184	14,888
48,427	14,888
46,648	14,888
44,906	14,888
45,056	17,837
45,028	17,828
43,015	13,942
41,779	10,674
41,170	10,712
41,798	9,045
43,333	7,210
46,564	5,375
48,296	3,109
48,446	3,071
48,614	3,034
47,706	2,996
46,011	2,996
45,983	2,996
45,936	2,996
45,084	0,066
45,281	0,066
47,135	0,066
48,886	0,066
47,322	0,019
48,521	0,019
48,109	0,019
46,470	0,019
45,590	0,019
45,543	0,019
45,346	0,019
46,423	0,019
48,024	0,019
48,137	0,019
48,202	0,019
48,989	0,000
49,944	0,000
50,019	0,000
49,213	0,000
51,358	0,000
50,908	0,000
51,498	0,000
51,517	0,000
51,573	0,000
51,788	0,000
52,809	0,000
52,987	0,000
52,640	0,000
50,852	0,000
49,504	0,000
50,918	0,000
49,757	0,000
50,346	0,000
49,223	0,000
49,101	0,000
47,537	0,000
47,463	0,000
44,794	0,000
45,206	0,000
44,991	0,000
44,148	0,000
44,017	0,000
44,569	0,000
46,311	0,000
45,131	0,000
43,296	0,000
42,257	0,000
40,468	0,000
41,507	0,000
41,423	0,000
42,921	0,000
42,846	0,000
45,599	0,000
46,330	0,000
46,376	0,000
46,592	0,000
45,019	0,000
44,747	0,000
44,813	0,000
47,987	0,000
46,751	0,000
47,893	0,000
48,652	0,000
48,914	0,000
48,979	0,000
50,487	0,000
47,547	0,000
47,921	0,000
44,588	0,000
43,034	0,000
42,893	0,000
44,504	0,009
44,326	0,009
43,474	0,009
43,830	0,009
45,983	0,009
45,225	0,009
45,665	0,009
46,985	0,009
46,685	0,009
45,234	3,493
48,099	3,493
47,818	3,493
49,747	3,493
51,180	3,493
49,541	3,493
48,661	3,483
48,876	3,483
49,607	3,483
48,801	6,901
47,491	6,901
48,184	10,506
48,155	13,858
46,676	17,210
47,013	20,562
47,163	17,079
47,107	17,079
44,373	17,968
44,176	17,968
43,979	20,852
45,225	23,736
45,936	27,154
44,775	29,036
42,041	29,588
39,036	26,723
37,013	27,275
34,373	24,223
33,127	22,940
31,882	21,657
31,114	18,305
30,974	18,305
31,002	18,305
30,150	17,416
30,375	17,416
27,322	14,532
24,270	11,648
20,964	8,230
18,820	6,348
18,240	5,796
17,659	5,243
17,079	4,691
16,498	4,139
14,401	2,069
12,303	0,000
9,728	0,000
6,358	0,000
3,099	0,000
3,099	0,000
0,000	0,000
0,000	0,000
0,000	0,000
0,000	0,000
0,000	0,000
0,000	0,000
0,000	0,000
0,000	0,000
0,000	0,000
0,000	0,000
0,000	0,000
0,000	0,000
0,000	0,000
0,000	0,000
0,000	0,000
0,000	0,000
0,000	0,000
0,000	0,000
0,000	0,000
0,000	0,000
0,000	0,000
0,000	0,000
0,000	0,000
0,000	0,000
0,000	0,000
0,000	0,000
0,000	0,000
0,000	0,000
0,000	0,000
0,000	0,000
0,000	0,000
0,000	0,000
0,000	0,000
0,000	0,000
0,000	0,000
0,000	0,000
0,000	0,000
0,000	0,000
0,000	0,000
0,000	0,000
0,000	0,000
0,000	0,000
0,000	0,000
0,000	0,000
0,000	0,000
0,000	0,000
0,000	0,000
0,000	0,000
0,000	0,000
0,000	0,000
0,000	0,000
0,000	0,000
0,000	0,000
0,000	0,000
0,000	0,000
0,000	0,000
0,000	0,000
0,000	0,000
0,000	0,000
0,000	0,000
0,000	0,000
0,000	0,000
0,000	0,000
0,000	0,000
0,000	0,000
0,000	0,000
0,000	0,000
0,000	0,000
0,000	0,000
0,000	0,000
0,000	0,000
0,000	0,000
0,000	0,000
0,000	0,000
0,000	0,000
0,000	0,000
0,000	0,000
0,000	0,000
0,000	0,000
0,000	0,000
0,000	0,000
0,000	0,000
0,000	0,000
0,000	0,000
0,000	0,000
0,000	0,000
0,000	0,000
0,000	0,000
0,000	0,000
0,000	0,000
0,000	0,000
0,000	0,000
0,000	0,000
0,000	0,000
0,000	0,000
0,000	0,000
0,000	0,000
0,000	0,000
0,000	0,000
0,000	0,000
0,000	0,000
0,000	0,000
0,000	0,000
0,000	0,000
0,000	0,000
0,000	0,000
0,000	0,000
0,000	0,000
0,000	0,000
0,000	0,000
0,000	0,000
0,000	0,000
0,000	0,000
0,000	0,000
0,000	0,000
0,000	0,000
0,000	0,000
0,000	0,000
0,000	0,000
0,000	0,000
0,000	0,000
0,000	0,000
0,000	0,000
0,000	0,000
0,000	0,000
0,000	0,000
0,000	0,000
0,000	0,000
0,000	0,000
0,000	0,000
0,000	0,000
0,000	0,000
0,000	0,000
0,000	0,000
0,019	0,000
0,019	0,000
0,019	0,000
0,019	0,000
3,474	0,000
6,751	0,000
10,122	0,000
13,399	0,000
17,238	0,000
20,908	0,000
22,631	0,000
25,936	0,000
27,725	1,863
31,114	5,206
34,438	8,418
37,743	11,629
38,081	11,929
41,414	15,253
43,024	16,835
41,180	18,418
39,513	20,000
37,753	21,582
36,395	23,530
34,476	25,478
32,800	27,219
33,099	29,363
32,200	31,976
33,483	33,614
31,479	31,676
30,309	30,478
29,139	29,279
30,552	30,908
28,970	29,513
28,109	28,717
27,247	27,921
28,923	29,588
30,599	31,255
31,966	32,556
33,333	33,858
34,747	35,131
36,133	36,002
37,135	36,404
34,064	32,903
32,678	31,498
32,303	31,273
31,929	31,049
30,543	29,551
30,281	29,064
31,330	29,831
33,867	32,453
31,826	30,375
28,670	27,247
25,384	23,998
23,895	22,491
22,285	21,217
20,674	19,944
19,064	18,670
19,934	19,504
22,715	22,247
23,717	23,202
24,719	24,157
27,135	26,470
28,427	27,772
29,410	28,961
29,429	28,801
29,513	29,092
32,631	32,163
33,914	33,399
33,830	33,380
33,745	33,361
35,009	31,620
36,582	29,878
39,082	29,045
37,687	27,697
36,788	26,760
36,826	24,017
35,459	21,273
36,011	20,300
36,610	17,556
36,957	14,307
38,961	12,846
37,247	9,654
39,213	8,418
39,054	6,695
40,637	4,972
40,056	4,972
39,382	4,972
39,382	4,972
41,461	3,577
42,884	1,770
43,099	1,770
44,775	1,770
44,981	0,000
46,704	0,000
46,629	0,000
45,140	0,000
46,826	0,000
47,051	0,000
48,773	0,000
48,614	0,000
49,504	0,000
48,942	0,000
48,961	0,000
48,876	0,000
48,848	0,056
49,972	0,056
50,637	0,056
50,496	0,056
47,275	0,056
47,200	0,056
48,464	0,075
48,436	0,075
48,923	0,075
48,979	0,075
49,139	0,075
49,026	0,075
50,150	0,075
50,019	0,075
49,897	0,075
49,878	0,019
47,612	1,957
45,749	3,895
44,242	5,833
44,251	7,772
43,249	7,772
43,708	10,993
42,566	13,109
41,732	13,109
41,526	13,109
41,667	13,118
41,648	13,118
41,545	13,127
41,442	13,137
40,665	15,421
40,852	15,421
42,406	13,483
43,961	11,545
43,586	11,273
45,103	9,335
45,150	11,873
43,961	10,843
44,288	10,936
43,539	13,146
42,200	15,037
42,107	18,539
41,929	18,539
42,060	18,530
42,191	18,521
41,723	16,236
41,601	16,255
41,479	16,273
39,298	17,622
39,045	17,303
39,120	17,322
39,485	14,785
40,272	12,575
41,283	10,365
42,228	8,155
43,502	6,264
43,390	2,753
45,197	2,753
45,281	2,753
45,253	2,753
46,582	2,753
46,723	2,734
47,097	2,743
48,876	1,395
50,899	0,047
50,702	0,028
51,077	0,028
50,693	2,706
50,084	5,384
48,287	6,816
48,755	6,816
48,699	6,816
47,275	6,816
46,067	6,816
44,972	6,816
44,270	6,835
42,266	6,835
40,028	6,807
40,365	6,807
40,459	6,807
40,693	6,807
40,758	6,807
40,843	4,129
40,318	1,451
42,200	0,019
42,697	0,019
42,884	0,019
40,552	0,019
41,976	0,019
42,753	0,019
43,577	0,000
44,953	0,000
45,637	0,000
44,429	0,000
46,479	0,000
46,264	0,000
45,796	0,000
46,320	0,000
47,575	0,000
47,603	0,000
46,938	0,000
45,393	0,000
47,650	0,000
47,425	0,000
47,828	0,000
47,790	0,000
48,258	0,000
48,418	0,000
49,588	0,000
47,509	0,000
48,118	0,000
49,579	0,000
50,534	0,000
50,365	0,000
51,096	0,000
50,496	0,000
52,107	0,028
52,163	0,056
52,228	0,084
52,154	0,140
52,013	0,140
52,032	0,140
50,393	0,140
51,114	0,140
50,253	0,140
47,828	0,140
46,976	3,558
45,880	3,558
45,749	3,558
44,916	3,586
45,646	3,586
45,712	3,558
45,796	3,530
44,860	3,502
44,738	3,446
42,978	3,446
42,725	3,446
45,955	3,446
45,281	3,446
42,790	3,446
43,043	3,446
41,610	0,028
38,427	0,028
36,330	0,028
36,236	0,000
33,277	0,000
30,094	0,309
30,833	0,309
31,695	0,309
31,330	0,309
32,875	0,309
31,751	0,309
30,983	0,309
30,918	0,309
34,532	0,309
36,170	0,309
37,322	0,309
39,897	0,309
43,287	0,309
43,268	0,309
47,060	0,309
51,592	0,000
51,461	0,000
51,124	0,000
50,702	0,000
48,240	0,000
49,728	0,000
49,972	0,000
48,642	0,000
48,315	0,000
47,987	0,000
47,949	0,000
47,959	0,000
49,232	0,000
49,466	0,000
48,474	0,000
47,097	0,000
44,110	0,000
46,086	0,000
43,727	0,000
47,116	0,000
44,944	0,000
41,901	0,000
41,348	0,000
41,283	0,000
40,721	0,000
40,356	0,000
41,002	0,000
38,446	0,000
36,891	0,000
35,637	0,000
35,599	0,000
37,828	0,000
36,170	0,000
39,513	0,000
37,388	0,000
39,485	0,000
43,371	0,000
46,030	0,000
45,787	0,000
46,592	0,000
47,013	0,000
46,096	0,000
45,627	0,000
47,041	0,000
50,431	0,000
50,318	0,000
49,110	0,000
46,058	0,000
42,715	0,000
44,906	0,000
42,790	0,000
41,976	0,000
41,142	0,000
42,556	0,000
39,260	0,000
36,030	0,000
33,652	0,000
30,899	0,000
27,584	0,000
22,116	0,000
18,801	0,000
16,648	0,000
16,367	0,000
16,367	0,000
12,303	0,000
11,058	0,000
7,659	0,000
4,391	0,000
0,000	0,000
0,000	0,000
0,000	0,000
0,000	0,000
0,000	0,000
0,000	0,000
0,000	0,000
0,000	0,000
0,000	0,000
0,000	0,000
0,000	0,000
0,000	0,000
0,000	0,000
0,000	0,000
0,000	0,000
0,000	0,000
0,000	0,000
0,000	0,000
0,000	0,000
0,000	0,000
0,000	0,000
0,000	0,000
0,000	0,000
0,000	0,000
0,000	0,000
0,000	0,000
0,000	0,000
0,000	0,000
0,000	0,000
0,000	0,000
0,000	0,000
0,000	0,000
0,000	0,000
0,000	0,000
0,000	0,000
0,019	0,000
0,019	0,000
0,019	0,000
0,019	0,000
0,047	0,000
0,047	0,000
0,047	0,000
0,047	0,000
0,047	0,000
0,047	0,000
0,047	0,000
0,047	0,000
0,047	0,000
0,047	0,000
0,047	0,000
0,028	0,000
0,028	0,000
0,028	0,000
0,028	0,000
0,000	0,000
0,000	0,000
0,000	0,000
0,000	0,000
0,000	0,000
0,000	0,000
0,000	0,000
0,000	0,000
0,000	0,000
0,000	0,000
0,000	0,000
0,000	0,000
0,000	0,000
0,000	0,000
0,000	0,000
0,019	0,000
0,019	0,000
0,019	0,000
0,019	0,000
0,019	0,000
2,434	0,000
2,434	0,000
2,434	0,000
2,444	0,000
2,444	0,000
2,444	0,000
2,444	0,000
2,444	0,000
2,444	0,000
2,444	0,000
2,425	0,000
2,425	0,000
2,425	0,000
2,425	0,000
2,425	0,000
0,009	0,000
0,075	0,000
0,075	0,000
0,066	0,000
0,066	0,000
0,066	0,000
0,066	0,000
0,066	0,000
0,066	0,000
0,066	0,000
0,066	0,000
0,066	0,000
0,066	0,000
0,066	0,000
0,066	0,000
0,066	0,000
0,000	0,000
0,000	0,000
0,000	0,000
0,000	0,000
0,000	0,000
0,000	0,000
0,000	0,000
0,000	0,000
0,000	0,000
0,000	0,000
0,000	0,000
0,000	0,000
0,000	0,000
0,000	0,000
0,000	0,000
0,000	0,000
0,103	0,000
0,103	0,000
0,103	0,000
0,103	0,000
0,103	0,000
0,103	0,000
0,103	0,000
0,103	0,000
0,103	0,000
0,103	0,000
0,103	0,000
0,103	0,000
0,103	0,000
0,103	0,000
0,103	0,000
0,000	0,000
0,000	0,000
0,000	0,000
0,000	0,000
0,000	0,000
0,000	0,000
0,000	0,000
0,000	0,000
0,000	0,000
0,000	0,000
0,000	0,000
0,000	0,000
3,324	0,000
6,536	0,000
9,410	0,000
15,365	0,000
18,717	0,000
21,994	0,000
25,272	0,000
28,530	0,000
31,938	0,000
36,030	0,000
39,279	0,000
42,603	0,000
45,833	0,000
48,792	0,000
51,189	0,000
49,017	0,000
48,933	0,000
48,605	0,000
45,618	0,000
45,440	0,000
46,498	0,000
46,929	0,000
46,985	0,000
46,199	0,000
45,384	0,000
46,339	0,000
46,348	0,000
46,470	0,000
45,927	0,019
46,929	0,019
49,335	0,019
50,908	0,019
51,695	0,019
52,144	0,019
51,030	0,019
48,951	0,019
49,494	0,019
49,485	0,019
50,122	0,056
50,131	0,056
49,223	0,056
47,978	0,056
47,893	0,066
48,904	0,047
48,689	0,047
48,324	0,047
47,491	0,047
47,397	0,066
48,933	0,066
50,000	0,066
52,125	0,066
52,163	0,066
52,182	0,066
51,489	0,028
51,517	0,028
50,552	0,028
52,154	0,028
52,247	0,019
52,210	0,019
54,120	0,019
54,242	0,019
54,307	0,019
54,391	0,000
53,258	0,000
52,154	0,000
50,393	0,000
49,345	0,000
49,419	0,000
50,037	0,000
50,066	0,000
51,030	0,000
51,283	0,000
48,792	0,000
49,007	0,000
47,968	0,000
49,457	0,000
48,530	0,000
48,596	0,000
48,006	0,000
48,792	0,000
49,532	0,000
49,700	0,000
49,513	0,000
49,691	0,000
47,247	0,000
47,182	0,000
47,032	0,000
48,699	0,000
48,446	0,000
47,837	0,009
44,345	0,009
45,009	0,009
44,345	0,009
44,513	0,009
45,627	0,009
46,283	0,009
47,172	0,009
48,455	0,009
48,652	0,009
52,182	0,009
52,285	0,009
51,966	0,009
50,674	0,009
50,571	0,009
50,590	0,000
50,590	0,000
51,339	0,000
52,172	0,000
51,976	0,000
51,330	1,788
51,311	1,798
48,717	1,798
46,985	1,826
46,283	1,826
44,663	1,826
44,597	1,826
44,345	1,826
47,247	1,826
46,676	1,826
46,470	1,826
48,577	1,826
48,811	1,826
48,764	1,826
48,951	1,826
48,933	0,037
48,371	0,028
50,964	0,028
51,498	0,000
50,506	0,000
51,086	0,000
50,412	0,000
50,693	0,000
51,236	0,000
51,957	0,000
52,500	0,000
52,434	0,000
49,831	0,000
49,569	0,075
49,560	0,075
49,485	0,075
49,260	0,075
47,743	0,075
47,669	0,075
46,348	0,075
46,695	0,075
46,779	0,075
46,751	0,075
43,043	0,075
43,062	0,075
42,584	0,075
43,914	0,075
45,122	0,075
42,500	0,000
41,030	0,000
41,189	0,000
39,728	0,000
39,298	0,000
39,279	0,000
42,715	0,000
42,322	0,000
42,884	0,000
42,865	0,000
45,328	0,009
45,225	0,009
44,803	0,009
43,408	0,009
43,474	0,047
46,227	0,066
47,425	0,075
47,528	0,075
50,150	0,075
51,180	0,075
50,852	0,075
49,466	0,084
49,644	0,084
49,944	0,084
49,934	0,084
49,691	0,075
47,060	0,075
47,444	3,371
46,685	3,371
46,807	3,333
45,431	3,315
45,721	3,305
45,674	3,315
44,719	3,315
44,775	3,315
45,281	3,315
46,096	3,305
45,496	3,305
45,346	3,305
45,253	3,315
45,393	3,315
50,187	3,315
46,901	0,019
44,373	0,019
40,927	0,019
38,923	0,019
35,524	0,019
32,125	0,009
28,708	0,009
25,272	0,009
21,891	0,009
18,483	0,009
15,562	0,009
12,172	0,009
8,820	0,000
5,478	0,000
0,000	0,000
0,000	0,000
0,000	0,000
0,000	0,000
0,000	0,000
0,000	0,000
0,000	0,000
0,000	0,000
0,000	0,000
0,000	0,000
0,000	0,000
0,000	0,000
0,000	0,000
0,000	0,000
0,000	0,000
0,000	0,000
0,000	0,000
0,000	0,000
0,000	0,000
0,000	0,000
0,000	0,000
0,000	0,000
0,000	0,000
0,000	0,000
0,000	0,000
0,000	0,000
0,000	0,000
0,000	0,000
0,000	0,000
0,000	0,000
0,000	0,000
0,000	0,000
0,000	0,000
0,000	0,000
0,000	0,000
0,000	0,000
0,000	0,000
0,000	0,000
0,000	0,000
0,000	0,000
0,000	0,000
0,000	0,000
0,000	0,000
0,000	0,000
0,000	0,000
0,000	0,000
0,000	0,000
0,000	0,000
0,000	0,000
0,000	0,000
0,000	0,000
0,000	0,000
0,000	0,000
0,000	0,000
0,000	0,000
0,000	0,000
0,000	0,000
0,000	0,000
0,000	0,000
0,000	0,000
0,000	0,000
0,000	0,000
0,000	0,000
0,000	0,000
0,000	0,000
0,000	0,000
0,000	0,000
0,000	0,000
0,000	0,000
0,000	0,000
0,000	0,000
0,000	0,000
0,000	0,000
0,000	0,000
0,000	0,000
0,000	0,000
0,000	0,000
0,000	0,000
0,000	0,000
0,000	0,000
0,000	0,000
0,000	0,000
0,000	0,000
0,000	0,000
0,000	0,000
0,000	0,000
0,000	0,000
0,000	0,000
0,000	0,000
0,000	0,000
0,000	0,000
0,000	0,000
0,000	0,000
0,000	0,000
0,000	0,000
0,000	0,000
0,000	0,000
0,000	0,000
0,000	0,000
0,000	0,000
0,000	0,000
