0,000	0,000	0,000	0,000
0,000	0,000	0,000	0,000
0,000	0,000	0,000	0,000
0,000	0,000	0,000	0,000
0,000	0,000	0,000	0,000
0,000	0,000	0,000	0,000
0,000	0,000	0,000	0,000
0,000	0,000	0,000	0,000
0,000	0,000	0,000	0,000
0,000	0,000	0,000	0,000
0,000	0,000	0,000	0,000
0,000	0,000	0,000	0,000
0,000	0,000	0,000	0,000
0,000	0,000	0,000	0,000
0,000	0,000	0,000	0,000
0,000	0,000	0,000	0,000
0,000	0,000	0,000	0,000
0,000	0,000	0,000	0,000
0,000	0,000	0,000	0,000
0,000	0,000	0,000	0,000
0,000	0,000	0,000	0,000
0,000	0,000	0,000	0,000
0,000	0,000	0,000	0,000
0,000	0,000	0,000	0,000
0,000	0,000	0,000	0,000
0,000	0,000	0,000	0,000
0,000	0,000	0,000	0,000
0,000	0,000	0,000	0,000
0,000	0,000	0,000	0,000
0,000	0,000	0,000	0,000
0,000	0,000	0,000	0,000
0,000	0,000	0,000	0,000
0,000	0,000	0,000	0,000
0,000	0,000	0,000	0,000
0,000	0,000	0,000	0,000
0,000	0,000	0,000	0,000
0,000	0,000	0,000	0,000
0,515	0,562	0,562	0,562
0,515	0,562	0,562	0,562
0,515	0,562	0,562	0,562
0,515	0,562	0,562	0,562
0,515	0,562	0,562	0,562
0,515	0,562	0,562	0,562
0,515	0,562	0,562	0,562
0,515	0,562	0,562	0,562
0,515	0,562	0,562	0,562
0,515	0,562	0,562	0,562
0,515	0,562	0,562	0,562
0,515	0,562	0,562	0,562
0,515	0,562	0,562	0,562
0,515	0,562	0,562	0,562
0,918	0,983	0,983	0,983
0,403	0,421	0,421	0,421
0,403	0,421	0,421	0,421
0,403	0,421	0,421	0,421
0,403	0,421	0,421	0,421
0,403	0,421	0,421	0,421
0,403	0,421	0,421	0,421
0,712	0,730	0,730	0,730
0,712	0,730	0,730	0,730
0,712	0,730	0,730	0,730
0,712	0,730	0,730	0,730
1,114	1,152	0,730	1,152
1,114	1,152	0,730	1,152
1,114	1,152	0,730	1,152
1,114	1,152	0,730	1,152
0,712	0,730	0,309	0,730
0,712	0,730	0,309	0,730
0,712	0,730	0,309	0,730
0,712	0,730	0,309	0,730
0,712	0,730	0,309	0,730
0,712	0,730	0,309	0,730
0,712	0,730	0,309	0,730
0,403	0,421	0,000	0,421
0,403	0,421	0,000	0,421
0,403	0,421	0,000	0,421
0,403	0,421	0,000	0,421
0,000	0,000	0,000	0,000
0,000	0,000	0,000	0,000
0,000	0,000	0,000	0,000
0,000	0,000	0,000	0,000
0,000	0,000	0,000	0,000
0,000	0,000	0,000	0,000
0,000	0,000	0,000	0,000
0,000	0,000	0,000	0,000
0,000	0,000	0,000	0,000
0,000	0,000	0,000	0,000
0,000	0,000	0,000	0,000
0,000	0,000	0,000	0,000
0,000	0,000	0,000	0,000
0,000	0,000	0,000	0,000
0,000	0,000	0,000	0,000
0,000	0,000	0,000	0,000
0,403	0,421	0,000	0,421
0,403	0,421	0,000	0,421
0,403	0,421	0,000	0,421
0,403	0,421	0,000	0,421
0,403	0,421	0,000	0,421
0,403	0,421	0,000	0,421
0,403	0,421	0,000	0,421
0,403	0,421	0,000	0,421
0,403	0,421	0,000	0,421
0,403	0,421	0,000	0,421
0,403	0,421	0,000	0,421
0,403	0,421	0,000	0,421
0,403	0,421	0,000	0,421
0,403	0,421	0,000	0,421
0,403	0,421	0,000	0,421
0,000	0,000	0,000	0,000
0,000	0,000	0,000	0,000
0,000	0,000	0,000	0,000
0,000	0,000	0,000	0,000
0,000	0,000	0,000	0,000
0,000	0,000	0,000	0,000
0,000	0,000	0,000	0,000
0,000	0,000	0,000	0,000
0,000	0,000	0,009	0,000
0,000	0,000	0,009	0,000
0,000	0,000	0,009	0,000
0,000	0,000	0,009	0,000
0,000	0,000	0,009	0,000
0,000	0,000	0,009	0,000
0,000	0,000	0,009	0,000
0,000	0,000	0,009	0,000
0,000	0,000	0,009	0,000
0,000	0,000	0,009	0,000
0,000	0,000	0,009	0,000
0,000	0,000	0,009	0,000
0,000	0,000	0,009	0,000
0,000	0,000	0,009	0,000
0,000	0,000	0,009	0,000
0,000	0,000	0,000	0,000
0,000	0,000	0,000	0,000
0,000	0,000	0,000	0,000
0,000	0,000	0,000	0,000
0,000	0,000	0,000	0,000
0,000	0,000	0,000	0,000
0,000	0,000	0,000	0,000
0,000	0,000	0,000	0,000
0,000	0,000	0,000	0,000
0,000	0,000	0,000	0,000
0,000	0,000	0,000	0,000
0,000	0,000	0,000	0,000
0,000	0,000	0,000	0,000
0,000	0,000	0,000	0,000
0,000	0,000	0,000	0,000
0,000	0,000	0,000	0,000
0,000	0,000	0,000	0,000
0,000	0,000	0,000	0,000
0,000	0,000	0,000	0,000
0,000	0,000	0,000	0,000
0,000	0,000	0,000	0,000
0,000	0,000	0,000	0,000
0,000	0,000	0,000	0,000
0,000	0,000	0,000	0,000
0,000	0,000	0,000	0,000
0,000	0,000	0,000	0,000
0,000	0,000	0,000	0,000
0,243	0,000	0,000	0,000
3,614	0,000	0,000	0,000
7,116	0,000	0,000	0,000
10,506	0,009	0,000	0,009
16,189	0,009	0,000	0,009
19,560	0,009	0,000	0,009
21,901	0,009	0,000	0,009
25,581	0,009	0,000	0,009
25,581	0,009	0,000	0,009
30,440	0,009	0,000	0,009
33,979	0,037	0,000	0,037
37,453	3,567	0,000	3,567
40,796	6,966	0,000	6,966
43,577	6,966	0,000	6,966
46,517	6,966	0,000	6,966
46,273	6,966	0,000	6,966
45,946	6,966	0,000	6,966
42,444	6,966	0,000	6,966
39,054	6,957	0,000	6,957
33,371	6,957	0,000	6,957
30,000	6,957	0,000	6,957
27,659	6,957	0,000	6,957
23,979	6,957	0,000	6,957
24,007	6,957	0,000	6,957
19,148	6,957	0,000	6,957
15,609	6,929	0,000	6,929
12,135	3,399	0,000	3,399
8,792	0,000	0,000	0,000
6,011	0,000	0,000	0,000
6,517	0,000	0,000	0,000
8,614	0,000	0,000	0,000
9,850	0,000	0,000	0,000
13,127	0,000	0,000	0,000
15,993	0,000	0,000	0,000
19,803	0,000	0,000	0,000
23,146	0,000	0,000	0,000
27,172	0,000	0,000	0,000
28,811	0,000	0,000	0,000
32,107	0,000	0,000	0,000
35,524	0,000	0,000	0,000
38,642	0,000	0,000	0,000
42,172	0,000	0,000	0,000
45,506	0,000	0,000	0,000
48,951	0,000	0,000	0,000
48,811	0,000	0,000	0,000
50,824	0,000	0,000	0,000
51,826	0,000	0,000	0,000
52,022	0,000	0,000	0,000
49,326	0,000	0,000	0,000
48,904	0,000	0,000	0,000
47,069	0,000	0,000	0,000
43,577	0,000	0,000	0,000
42,472	0,000	0,309	0,000
42,612	0,000	0,309	0,000
39,766	0,000	0,309	0,000
39,316	0,000	0,309	0,000
39,120	0,019	0,309	0,019
36,891	0,019	0,309	0,019
36,948	0,019	0,309	0,019
36,994	0,019	0,309	0,019
36,133	0,019	0,309	0,019
34,213	0,019	0,309	0,019
35,946	0,019	0,309	0,019
39,916	0,019	0,309	0,019
41,227	0,019	0,309	0,019
40,890	0,019	0,309	0,019
45,243	0,019	0,309	0,019
48,062	0,019	0,000	0,019
47,903	0,019	0,000	0,019
51,873	0,019	0,000	0,019
52,622	0,019	0,000	0,019
51,685	0,000	0,000	0,000
53,933	0,047	0,047	0,047
53,848	0,047	0,047	0,047
52,388	0,047	0,047	0,047
49,663	0,047	0,047	0,047
49,738	0,047	0,047	0,047
47,818	0,047	0,047	0,047
46,845	0,075	0,047	0,075
44,054	1,891	0,047	1,891
44,064	2,818	0,056	2,818
41,199	2,818	0,056	2,818
39,560	2,818	0,056	2,818
37,968	2,818	3,418	2,818
35,140	2,818	6,779	2,818
33,436	2,818	6,779	2,818
34,429	2,837	6,779	2,837
33,081	2,790	6,732	2,790
32,725	2,790	6,732	2,790
34,579	2,790	6,732	2,790
36,292	2,790	6,732	2,790
37,500	2,790	6,732	2,790
40,122	2,790	6,732	2,790
40,721	2,762	6,732	2,762
42,097	0,946	6,732	0,946
45,552	0,019	6,723	0,019
46,929	0,037	6,723	0,037
48,614	0,056	6,723	0,056
50,009	0,066	3,361	0,066
51,648	0,066	0,000	0,066
53,230	0,066	0,000	0,066
53,137	0,047	2,032	0,047
54,560	0,047	2,032	0,047
54,972	0,047	2,032	0,047
54,663	0,047	2,032	0,047
55,861	0,047	2,032	0,047
52,846	0,047	2,032	0,047
48,567	0,047	2,032	0,047
47,987	3,502	2,032	3,502
47,884	6,957	2,032	6,957
45,178	9,036	4,110	9,036
43,708	11,096	6,189	11,096
42,238	13,155	8,268	13,155
41,058	15,225	8,268	15,225
39,635	17,303	8,268	17,303
38,942	19,691	8,268	19,691
36,770	21,058	6,245	21,058
36,695	24,363	9,607	24,363
33,221	24,363	9,607	24,363
30,403	25,037	10,281	25,037
27,051	25,197	13,614	25,197
26,966	26,788	13,614	13,614
26,882	28,380	13,614	13,614
26,049	27,416	13,614	13,614
25,215	26,451	13,624	13,624
23,315	24,419	11,545	11,545
21,414	22,388	9,466	9,466
20,918	21,760	7,388	7,388
20,421	21,133	7,388	7,388
21,554	22,275	7,388	7,388
22,013	23,109	7,388	7,388
22,893	23,455	7,378	7,378
21,545	21,863	4,017	4,017
24,700	25,056	4,017	4,017
26,311	26,639	3,343	3,343
27,051	27,275	0,019	0,019
27,425	27,528	3,399	3,399
27,800	27,781	3,399	3,399
27,369	27,135	6,648	6,648
26,938	26,489	6,639	6,639
28,830	28,287	6,639	6,639
30,721	30,084	8,942	8,942
32,837	32,041	8,942	8,942
32,940	32,257	11,124	11,124
30,768	29,897	13,305	13,305
28,596	27,537	15,487	15,487
27,481	26,685	15,487	15,487
26,367	25,833	15,487	15,487
26,573	26,199	15,487	15,487
27,706	27,500	15,487	15,487
28,689	28,736	15,478	15,478
30,066	30,272	12,097	12,097
31,442	31,807	14,251	14,251
31,273	31,610	11,002	11,002
31,105	31,414	11,002	11,002
30,936	31,217	13,165	13,165
30,768	31,021	13,024	13,024
28,867	29,354	13,024	13,024
28,586	28,942	10,843	10,843
28,951	29,335	8,661	8,661
29,316	29,728	6,479	6,479
29,644	30,131	6,498	6,498
29,972	30,534	6,517	6,517
27,828	28,240	6,517	6,517
27,884	27,968	6,517	6,517
29,429	25,936	6,517	6,517
29,485	22,556	6,517	6,517
29,541	19,176	4,363	4,363
31,142	17,528	4,363	4,363
31,695	18,436	4,363	4,363
32,247	19,345	2,200	2,200
32,800	20,253	0,037	0,037
33,455	21,067	0,037	0,037
34,504	22,369	0,037	0,037
35,103	23,052	2,247	2,247
36,227	24,410	2,247	2,247
37,388	25,758	4,354	4,354
38,464	26,788	4,335	4,335
38,605	27,069	4,335	4,335
38,624	26,994	4,335	4,335
38,652	26,994	4,335	4,335
38,680	26,994	4,335	4,335
37,088	28,811	4,335	4,335
37,041	32,191	4,335	4,335
38,052	29,654	4,335	4,335
39,129	27,191	4,335	4,335
40,206	24,728	6,470	6,470
41,283	22,266	6,470	6,470
42,285	19,710	6,470	6,470
43,099	17,781	4,260	4,260
43,390	15,178	4,260	4,260
44,588	12,566	2,135	2,135
45,871	10,272	2,135	2,135
47,959	8,727	2,135	2,135
47,790	5,515	2,135	2,135
49,242	5,515	2,135	2,135
49,335	8,773	2,135	2,135
49,307	6,957	2,135	2,135
48,530	5,890	2,135	2,135
47,743	8,184	2,135	2,135
47,800	8,109	2,135	2,135
47,669	8,015	0,000	0,000
47,472	7,921	0,000	0,000
47,350	7,921	0,000	7,921
47,865	7,912	0,000	7,912
48,361	11,273	0,000	11,273
48,118	14,719	0,000	14,719
45,571	15,674	0,000	15,674
43,155	16,629	0,000	16,629
40,918	17,584	0,890	17,584
39,288	17,584	0,890	17,584
38,989	14,326	0,890	14,326
40,440	17,631	0,890	17,631
39,794	15,318	0,890	15,318
40,627	16,301	0,890	16,301
40,478	16,301	0,890	0,890
38,614	17,678	0,890	0,890
38,867	20,843	0,890	0,890
38,502	20,843	0,890	0,890
38,652	20,843	0,890	0,890
39,391	17,472	0,890	0,890
37,828	15,787	0,890	0,890
39,822	14,831	0,890	0,890
42,107	13,876	0,890	0,890
42,603	14,345	0,000	0,000
42,743	17,678	0,000	0,000
41,470	19,466	0,000	0,000
40,187	17,949	0,000	0,000
40,206	19,738	0,000	0,000
39,981	16,442	0,000	0,000
39,204	16,423	0,000	0,000
40,328	15,047	0,028	0,028
40,253	11,901	0,028	0,028
40,890	11,901	0,028	0,028
40,777	11,901	0,028	0,028
41,442	11,901	0,028	0,028
44,242	10,140	0,028	0,028
45,787	10,140	0,028	0,028
45,815	13,652	2,182	2,182
47,697	12,228	2,182	2,182
46,919	8,904	2,182	2,182
48,399	10,206	2,182	2,182
48,521	10,300	2,182	2,182
48,642	10,393	4,307	4,307
47,528	12,275	6,423	6,423
48,090	12,275	6,423	6,423
48,652	12,275	6,395	6,395
48,764	12,257	6,395	6,395
48,970	15,674	6,395	6,395
49,410	19,092	6,395	6,395
48,539	19,092	6,395	6,395
46,489	19,092	6,395	6,395
44,438	19,092	6,395	6,395
44,560	15,581	4,242	4,242
44,335	15,581	4,242	4,242
44,607	15,571	4,242	4,242
45,496	12,481	4,242	4,242
47,041	10,599	4,242	4,242
48,277	8,717	2,116	2,116
49,363	6,835	0,000	0,000
48,745	6,835	0,000	0,000
48,052	6,835	0,000	0,000
46,845	6,835	0,000	0,000
45,899	3,418	0,000	0,000
45,627	0,000	0,000	0,000
45,206	0,000	0,000	0,000
45,993	3,165	0,000	0,000
46,348	3,165	0,000	0,000
45,206	3,165	0,000	3,165
45,272	3,165	0,000	3,165
45,796	3,165	0,000	3,165
44,934	3,165	0,000	3,165
44,738	3,165	0,000	3,165
45,421	3,165	0,000	3,165
45,721	3,165	0,000	3,165
46,901	3,174	0,000	3,174
49,625	3,174	0,000	3,174
51,704	3,174	0,000	3,174
52,818	3,174	0,000	3,174
52,537	3,174	0,000	3,174
52,491	3,202	0,000	3,202
53,333	0,037	0,000	0,037
52,790	0,037	0,000	0,037
53,670	0,037	0,000	0,037
53,783	0,075	0,000	0,075
53,670	0,075	0,000	0,075
53,596	0,084	0,000	0,084
53,614	0,084	0,000	0,084
53,062	0,084	0,000	0,084
51,938	0,084	0,000	0,084
51,948	0,075	0,000	0,075
50,197	0,075	0,000	0,075
49,700	0,075	0,000	0,075
49,120	0,094	0,000	0,094
49,279	0,094	0,000	0,094
47,800	0,066	0,000	0,066
45,403	0,066	0,000	0,066
46,517	0,066	0,000	0,066
45,861	0,066	0,000	0,066
45,393	0,028	0,000	0,028
45,318	0,028	0,000	0,028
45,300	0,019	0,000	0,019
43,380	0,019	0,000	0,019
42,762	0,019	0,000	0,019
43,745	0,019	0,000	0,019
43,942	0,019	0,000	0,019
43,024	0,019	0,000	0,019
42,360	0,019	0,000	0,019
41,039	0,000	0,000	0,000
39,560	0,000	0,000	0,000
41,236	0,000	0,000	0,000
42,809	0,000	0,000	0,000
42,697	0,000	0,000	0,000
43,390	0,000	0,000	0,000
43,736	0,000	0,000	0,000
43,886	0,000	0,000	0,000
43,624	0,009	0,000	0,009
45,534	0,009	0,000	0,009
45,946	0,009	0,000	0,009
45,843	0,037	0,000	0,037
45,318	0,037	0,000	0,037
42,884	0,037	0,000	0,037
43,446	0,037	0,000	0,037
43,876	0,037	0,000	0,037
45,056	0,037	0,000	0,037
46,723	0,037	0,000	0,037
43,399	0,037	0,983	0,037
43,521	0,037	0,983	0,037
43,436	0,037	0,983	0,037
43,446	0,037	0,983	0,037
43,670	0,037	0,983	0,037
42,228	0,028	0,983	0,028
42,032	0,028	0,983	0,028
42,434	0,028	0,983	0,028
42,669	0,000	0,983	0,000
39,654	0,000	0,983	0,000
40,365	0,000	0,983	0,000
38,727	0,000	0,983	0,000
39,719	0,000	0,983	0,000
40,084	0,000	0,983	0,000
38,268	0,009	0,983	0,009
41,545	0,019	0,000	0,019
41,433	0,019	0,000	0,019
38,277	0,019	0,000	0,019
38,371	3,174	0,000	3,174
39,803	3,174	0,000	3,174
43,099	3,174	0,000	3,174
43,249	3,174	0,000	3,174
42,884	3,174	0,000	3,174
39,663	3,333	0,159	3,333
45,234	3,333	0,159	3,333
44,831	3,642	0,468	3,642
45,974	3,642	0,468	3,642
42,622	3,642	0,468	3,642
43,745	3,642	0,468	3,642
42,463	3,633	0,468	3,633
39,185	3,624	0,468	3,624
39,204	3,624	0,468	3,624
39,204	3,624	0,468	3,624
35,861	0,468	0,468	0,468
30,880	0,468	0,468	0,468
26,152	0,627	1,451	0,627
22,818	0,627	1,451	0,627
19,597	0,627	1,451	0,627
19,419	0,468	1,292	0,468
13,549	0,468	1,292	0,468
14,026	0,159	0,983	0,159
10,777	0,159	0,983	0,159
11,742	1,142	1,966	1,142
10,609	1,142	1,966	1,142
10,496	1,142	1,966	1,142
10,496	1,142	1,966	1,142
7,135	1,142	1,966	1,142
8,099	2,125	2,949	2,125
14,738	2,125	2,949	2,125
14,738	2,125	2,949	2,125
14,560	1,966	1,966	1,966
14,560	1,966	1,966	1,966
14,560	1,966	1,966	1,966
14,560	1,966	1,966	1,966
14,560	1,966	1,966	1,966
18,090	1,966	1,966	1,966
18,090	1,966	1,966	1,966
17,434	1,292	1,292	1,292
14,213	1,292	1,292	1,292
12,331	1,292	1,292	1,292
12,331	1,292	1,292	1,292
12,331	1,292	1,292	1,292
11,367	0,309	0,309	0,309
4,728	0,309	0,309	0,309
4,728	0,309	0,309	0,309
4,728	0,309	0,309	0,309
4,728	0,309	0,309	0,309
4,728	0,309	0,309	0,309
5,243	0,871	0,871	0,871
5,243	0,871	0,871	0,871
0,927	0,871	0,871	0,871
0,927	0,871	0,871	0,871
0,618	0,562	0,562	0,562
0,515	0,562	0,562	0,562
0,515	0,562	0,562	0,562
0,515	0,562	0,562	0,562
0,515	0,562	0,562	0,562
1,826	0,562	0,562	0,562
1,826	0,562	0,562	0,562
5,206	0,562	0,562	0,562
7,687	0,562	0,562	0,562
7,687	0,562	0,562	0,562
7,687	0,562	0,562	0,562
7,172	0,000	0,000	0,000
7,172	0,000	0,000	0,000
7,172	0,000	0,000	0,000
10,403	0,000	0,000	0,000
12,322	0,000	0,000	0,000
12,322	0,000	0,000	0,000
15,375	0,000	0,000	0,000
15,375	0,000	0,000	0,000
15,375	0,000	0,000	0,000
14,064	0,000	0,000	0,000
14,064	0,000	0,000	0,000
10,684	0,000	0,000	0,000
8,202	0,000	0,000	0,000
8,202	0,000	0,000	0,000
8,202	0,000	0,000	0,000
10,993	0,000	0,000	0,000
10,993	0,000	0,000	0,000
11,002	0,000	0,000	0,000
7,772	0,000	0,000	0,000
9,054	0,000	0,000	0,000
9,054	0,000	0,000	0,000
10,740	0,000	0,000	0,000
10,740	0,000	0,000	0,000
12,669	0,000	0,000	0,000
16,788	0,000	0,000	0,000
20,103	0,000	0,000	0,000
22,144	0,000	0,000	0,000
25,384	0,000	0,000	0,000
28,773	0,000	0,000	0,000
28,773	0,000	0,000	0,000
31,498	0,000	0,000	0,000
34,691	0,000	0,000	0,000
38,024	0,000	0,000	0,000
41,414	0,000	0,000	0,000
39,607	0,000	0,000	0,000
42,650	0,000	0,000	0,000
37,912	0,000	0,000	0,000
37,912	0,000	0,000	0,000
36,657	0,000	0,000	0,000
37,865	0,000	0,000	0,000
38,951	0,000	0,000	0,000
37,210	0,000	0,000	0,000
37,594	0,000	0,000	0,000
35,918	0,000	0,000	0,000
39,401	0,000	0,000	0,000
37,247	0,000	0,000	0,000
37,987	0,000	0,000	0,000
37,846	0,000	0,000	0,000
37,631	0,000	0,000	0,000
37,350	0,000	0,000	0,000
37,640	0,000	0,000	0,000
37,640	0,000	0,000	0,000
37,650	0,000	0,000	0,000
36,976	0,000	0,983	0,000
31,648	0,000	0,983	0,000
27,247	0,000	0,983	0,000
26,948	0,000	0,983	0,000
23,324	0,000	0,983	0,000
21,610	0,000	1,966	0,000
18,127	0,000	1,966	0,000
14,766	0,000	1,966	0,000
10,833	0,000	1,966	0,000
7,631	0,000	1,966	0,000
4,457	0,000	1,966	0,000
3,614	0,337	1,976	0,337
0,281	0,337	1,976	0,337
0,281	0,337	1,976	0,337
0,272	0,337	1,976	0,337
0,272	0,337	0,993	0,337
0,272	0,337	0,993	0,337
0,272	0,337	0,993	0,337
0,272	0,337	0,993	0,337
0,272	0,337	0,993	0,337
0,272	0,337	0,009	0,337
0,272	0,337	0,009	0,337
0,272	0,337	0,009	0,337
0,272	0,337	0,009	0,337
0,272	0,337	0,009	0,337
0,272	0,337	0,009	0,337
0,000	0,000	0,000	0,000
0,000	0,000	0,000	0,000
0,000	0,000	0,000	0,000
0,000	0,000	0,000	0,000
0,000	0,000	0,000	0,000
0,000	0,000	0,000	0,000
0,000	0,000	0,000	0,000
0,000	0,000	0,000	0,000
0,000	0,000	0,000	0,000
0,000	0,000	0,000	0,000
0,000	0,000	0,000	0,000
0,000	0,000	0,000	0,000
0,000	0,000	0,000	0,000
0,000	0,000	0,000	0,000
0,000	0,000	0,000	0,000
0,000	0,000	0,000	0,000
0,000	0,000	0,000	0,000
0,000	0,000	0,000	0,000
0,000	0,000	0,000	0,000
0,000	0,000	0,000	0,000
0,000	0,000	0,000	0,000
0,000	0,000	0,000	0,000
0,000	0,000	0,000	0,000
0,000	0,000	0,000	0,000
0,000	0,000	0,000	0,000
0,000	0,000	0,000	0,000
0,000	0,000	0,000	0,000
0,000	0,000	0,000	0,000
0,000	0,000	0,000	0,000
0,178	0,159	0,159	0,159
0,178	0,159	0,159	0,159
0,178	0,159	0,159	0,159
0,178	0,159	0,159	0,159
0,178	0,159	0,159	0,159
0,178	0,159	0,159	0,159
0,178	0,159	0,159	0,159
0,178	0,159	0,159	0,159
0,178	0,159	0,159	0,159
0,178	0,159	0,159	0,159
0,178	0,159	0,159	0,159
0,178	0,159	0,159	0,159
0,178	0,159	0,159	0,159
0,178	0,159	0,159	0,159
0,187	0,159	0,159	0,159
0,009	0,000	0,000	0,000
0,009	0,000	0,000	0,000
0,009	0,000	0,000	0,000
0,019	0,000	0,000	0,000
0,019	0,000	0,000	0,000
0,215	0,000	0,000	0,000
0,215	0,000	0,000	0,000
0,215	0,000	0,000	0,000
0,215	0,000	0,000	0,000
0,215	0,000	0,000	0,000
0,215	0,000	0,000	0,000
0,215	0,000	0,000	0,000
0,215	0,000	0,000	0,000
0,215	0,000	0,000	0,000
0,206	0,000	0,000	0,000
0,206	0,000	0,000	0,000
0,206	0,000	0,000	0,000
0,206	0,000	0,000	0,000
0,197	0,000	0,000	0,000
0,197	0,000	0,000	0,000
0,000	0,000	0,000	0,000
0,000	0,000	0,000	0,000
0,000	0,000	0,000	0,000
0,000	0,000	0,000	0,000
0,000	0,000	0,000	0,000
0,000	0,000	0,000	0,000
0,000	0,000	0,000	0,000
0,000	0,000	0,000	0,000
0,000	0,000	0,000	0,000
0,375	0,459	0,000	0,459
0,375	0,459	0,000	0,459
0,375	0,459	0,000	0,459
0,375	0,459	0,000	0,459
0,375	0,459	0,000	0,459
0,375	0,459	0,000	0,459
0,375	0,459	0,000	0,459
0,375	0,459	0,000	0,459
0,375	0,459	0,000	0,459
0,375	0,459	0,000	0,459
0,375	0,459	0,000	0,459
0,375	0,459	0,000	0,459
0,375	0,459	0,000	0,459
0,375	0,459	0,000	0,459
0,375	0,459	0,000	0,459
0,000	0,000	0,000	0,000
0,000	0,000	0,000	0,000
0,000	0,000	0,000	0,000
0,000	0,000	0,000	0,000
0,000	0,000	0,000	0,000
0,000	0,000	0,000	0,000
0,000	0,000	0,000	0,000
0,000	0,000	0,000	0,000
0,000	0,000	0,000	0,000
1,554	1,770	0,983	1,770
1,554	1,770	0,983	1,770
1,554	1,770	0,983	1,770
1,554	1,770	0,983	1,770
1,554	1,770	0,983	1,770
1,554	1,770	0,983	1,770
1,554	1,770	0,983	1,770
1,554	1,770	0,983	1,770
1,554	1,770	0,983	1,770
1,554	1,770	0,983	1,770
1,554	1,770	0,983	1,770
1,957	2,191	1,404	2,191
1,957	2,191	1,404	2,191
1,957	2,191	1,404	2,191
1,957	2,191	1,404	2,191
0,403	0,421	0,421	0,421
0,403	0,421	0,421	0,421
0,403	0,421	0,421	0,421
0,403	0,421	0,421	0,421
0,403	0,421	0,421	0,421
0,403	0,421	0,421	0,421
0,403	0,421	0,421	0,421
0,712	0,730	1,404	0,730
0,712	0,730	1,404	0,730
0,712	0,730	1,404	0,730
0,712	0,730	1,404	0,730
0,309	0,309	0,983	0,309
0,309	0,309	0,983	0,309
0,309	0,309	0,983	0,309
0,618	0,618	1,292	0,618
0,618	0,618	1,292	0,618
0,618	0,618	1,292	0,618
0,618	0,618	1,292	0,618
0,618	0,618	1,292	0,618
0,618	0,618	2,275	0,618
0,618	0,618	2,275	0,618
0,618	0,618	2,275	0,618
0,309	0,309	1,292	0,309
0,993	0,309	1,292	0,309
4,363	0,309	1,292	0,309
5,993	0,309	1,292	0,309
8,277	0,318	1,292	0,318
12,154	0,318	1,292	0,318
16,891	0,318	1,292	0,318
18,970	0,009	0,983	0,009
22,257	0,009	0,983	0,009
26,629	0,009	0,983	0,009
29,916	0,009	0,983	0,009
33,202	0,009	0,983	0,009
34,382	1,124	0,009	1,124
35,562	2,238	3,146	2,238
36,742	3,352	3,146	3,352
38,961	5,449	6,685	5,449
40,496	7,547	10,084	7,547
40,440	7,547	10,084	7,547
41,994	7,603	10,084	7,603
45,543	7,594	10,084	7,594
41,667	7,603	11,067	7,603
40,328	7,603	11,067	7,603
39,082	7,603	11,067	7,603
41,545	7,603	11,067	7,603
39,644	7,603	11,067	7,603
39,654	7,603	11,067	7,603
39,738	7,603	11,067	7,603
41,255	6,489	11,058	6,489
41,554	5,375	7,921	5,375
44,354	4,260	7,921	4,260
42,753	2,837	4,382	2,837
42,481	0,740	0,983	0,740
42,425	0,740	0,983	0,740
44,110	0,684	0,983	0,684
41,582	0,684	0,983	0,684
47,313	0,674	0,000	0,674
47,322	0,674	0,000	0,674
49,260	0,674	0,000	0,674
46,929	0,674	0,000	0,674
47,940	0,674	0,000	0,674
45,262	1,348	0,000	1,348
45,262	1,348	0,000	1,348
46,311	1,348	0,000	1,348
47,968	1,348	0,000	1,348
47,294	1,358	0,000	1,358
47,079	1,105	0,777	1,105
45,534	1,526	0,777	1,526
46,386	1,526	0,777	1,526
43,062	1,526	0,777	1,526
40,075	1,526	0,777	1,526
37,631	1,526	0,777	1,526
36,723	4,036	0,777	4,036
35,627	5,927	2,828	5,927
34,195	7,818	2,828	7,818
32,481	9,494	2,828	9,494
34,073	11,105	2,828	11,105
32,912	13,390	2,828	13,390
31,376	15,674	5,075	15,674
28,240	15,674	7,322	15,674
24,934	15,665	10,684	15,665
26,498	17,125	12,135	17,125
28,062	18,586	12,135	18,586
25,918	20,468	12,135	20,468
26,011	21,910	12,135	21,910
27,331	23,352	12,135	23,352
25,590	23,352	12,135	12,135
26,283	24,167	12,135	12,135
28,006	22,275	10,084	10,084
29,354	23,773	10,084	10,084
29,026	22,097	10,084	10,084
27,219	20,234	11,067	11,067
28,464	17,949	11,067	11,067
29,504	15,665	8,820	8,820
32,912	15,665	6,573	6,573
36,011	15,665	3,212	3,212
37,397	13,783	0,983	0,983
35,431	11,901	1,966	1,966
36,339	10,019	1,966	1,966
38,090	8,577	1,966	1,966
39,391	7,135	1,966	1,966
41,077	7,135	1,966	1,966
39,728	3,811	1,966	1,966
36,507	3,811	1,966	1,966
36,536	0,421	1,966	1,966
38,015	0,421	1,966	1,966
40,871	0,000	0,983	0,983
40,665	0,009	0,983	0,983
40,534	0,009	0,983	0,983
40,581	0,009	0,983	0,009
40,140	0,009	0,983	0,009
40,243	0,047	0,983	0,047
43,539	0,047	0,000	0,047
43,408	0,047	0,000	0,047
41,002	0,047	0,000	0,047
41,479	0,047	0,000	0,047
43,483	0,047	0,000	0,047
44,897	0,047	0,000	0,047
44,513	0,047	0,000	0,047
42,584	1,348	0,019	1,348
42,996	1,348	0,019	1,348
43,109	1,348	0,019	1,348
41,395	1,339	0,019	1,339
41,386	1,339	0,019	1,339
41,273	1,339	0,019	1,339
41,976	1,348	0,019	1,348
41,826	1,311	0,019	1,311
41,404	1,311	0,019	1,311
40,094	1,311	0,019	1,311
42,107	1,311	0,019	1,311
41,994	1,348	0,019	1,348
40,066	1,386	0,019	1,386
40,187	4,841	0,019	4,841
43,464	8,296	0,019	8,296
45,421	10,187	2,107	10,187
43,699	11,770	4,213	11,770
41,938	13,352	4,213	13,352
42,013	14,934	4,213	14,934
42,266	14,953	4,213	14,953
42,285	14,972	4,213	14,972
41,545	17,678	4,213	17,678
40,861	20,393	4,213	20,393
40,609	23,109	4,213	23,109
41,798	25,824	4,213	25,824
42,303	25,918	4,213	4,213
42,959	25,880	4,213	4,213
42,978	25,880	4,213	4,213
41,910	22,425	4,213	4,213
41,807	18,970	4,213	4,213
43,446	15,777	2,107	2,107
45,637	14,195	0,000	0,000
46,011	12,612	0,000	0,000
47,612	11,039	0,000	0,000
47,650	11,021	0,000	0,000
47,509	14,775	0,000	0,000
48,343	12,060	0,000	0,000
48,464	9,345	0,000	0,000
49,148	6,667	0,000	0,000
48,221	3,951	0,000	0,000
48,202	4,036	0,000	0,000
46,601	4,036	0,000	0,000
46,330	3,998	0,000	0,000
46,985	3,998	0,000	0,000
48,184	3,998	0,000	0,000
48,352	3,998	0,000	0,000
47,444	3,998	0,000	0,000
48,474	3,998	0,000	3,998
48,277	3,989	0,000	3,989
49,176	3,989	0,000	3,989
49,185	0,225	0,000	0,225
48,933	0,225	0,000	0,225
49,532	0,234	0,000	0,234
49,597	2,566	0,000	2,566
51,049	2,753	0,000	2,753
50,384	2,575	0,000	2,575
51,620	2,669	0,000	2,669
51,545	2,669	0,000	2,669
49,775	2,669	0,000	2,669
48,633	2,669	0,000	2,669
45,552	2,669	0,000	2,669
47,556	2,669	0,000	2,669
46,835	2,669	0,000	2,669
47,163	2,669	0,000	2,669
46,320	2,669	0,000	2,669
46,058	2,659	0,000	2,659
47,388	2,659	0,000	2,659
45,356	2,650	0,000	2,650
43,493	0,281	0,000	0,281
43,202	0,094	0,000	0,094
43,717	0,094	0,000	0,094
43,474	0,000	0,000	0,000
43,736	1,414	0,028	1,414
46,002	1,414	0,028	1,414
45,037	1,414	0,028	1,414
45,440	1,414	0,028	1,414
43,923	1,414	0,028	1,414
44,728	1,414	0,028	1,414
44,925	1,414	0,028	1,414
44,831	1,414	0,028	1,414
45,290	1,414	0,028	1,414
43,839	1,414	0,028	1,414
45,918	1,414	0,028	1,414
47,594	1,414	0,028	1,414
48,090	1,414	0,028	1,414
48,277	1,414	0,028	1,414
48,502	1,414	0,028	1,414
48,043	0,028	0,000	0,028
47,931	0,028	0,000	0,028
48,961	0,028	0,000	0,028
49,850	0,028	0,000	0,028
49,700	0,028	0,000	0,028
47,472	0,028	0,000	0,028
47,388	0,028	0,000	0,028
46,835	0,028	0,000	0,028
46,367	0,056	0,000	0,056
46,620	0,056	0,000	0,056
47,388	0,056	0,000	0,056
47,575	0,056	0,000	0,056
47,406	0,056	0,000	0,056
47,238	0,056	0,000	0,056
46,985	0,056	0,000	0,056
47,837	0,028	0,000	0,028
48,118	0,028	0,000	0,028
48,352	0,028	0,000	0,028
48,577	0,028	0,000	0,028
47,491	0,028	0,000	0,028
46,732	0,028	0,000	0,028
43,277	0,028	0,000	0,028
40,468	0,028	0,000	0,028
40,506	0,000	0,000	0,000
41,236	0,000	0,000	0,000
40,346	0,000	0,000	0,000
41,133	0,000	0,000	0,000
41,283	0,056	0,000	0,056
40,702	0,056	0,000	0,056
39,532	0,056	0,000	0,056
39,223	0,056	0,000	0,056
39,036	0,056	0,000	0,056
38,596	0,056	0,000	0,056
37,556	0,056	0,000	0,056
38,006	0,056	0,000	0,056
41,620	0,056	0,000	0,056
44,373	0,056	0,000	0,056
46,461	2,200	0,000	2,200
45,552	4,345	0,000	4,345
43,221	6,152	3,455	6,152
41,199	7,331	3,502	7,331
38,287	8,511	3,502	8,511
38,418	9,794	3,502	9,794
39,092	9,794	3,502	9,794
40,346	9,794	3,502	9,794
40,309	9,794	3,502	9,794
39,120	9,794	3,502	9,794
39,204	9,794	3,502	9,794
41,030	9,794	3,502	9,794
40,318	9,794	3,502	9,794
40,028	9,794	3,502	9,794
40,328	9,794	3,502	9,794
38,296	7,650	3,502	7,650
39,513	5,506	3,502	5,506
41,096	3,699	0,047	3,699
42,163	2,519	0,000	2,519
44,195	1,339	0,000	1,339
44,906	0,000	0,000	0,000
45,187	0,000	0,000	0,000
45,094	0,000	0,000	0,000
44,916	0,000	0,000	0,000
44,672	0,000	0,000	0,000
45,234	0,000	0,000	0,000
44,691	0,000	0,000	0,000
45,449	0,000	0,000	0,000
45,393	0,000	0,000	0,000
44,279	0,000	0,000	0,000
47,706	0,000	0,000	0,000
47,650	0,000	0,000	0,000
47,556	0,000	0,000	0,000
45,730	0,000	0,000	0,000
43,305	0,000	0,000	0,000
42,360	0,009	0,000	0,009
41,948	0,009	0,000	0,009
39,251	0,684	0,674	0,684
39,532	0,777	0,674	0,777
40,843	0,777	0,674	0,777
40,871	0,777	0,674	0,777
40,272	0,777	0,674	0,777
38,146	1,339	0,674	1,339
38,062	1,348	0,674	1,348
39,504	1,348	0,674	1,348
39,242	1,348	0,674	1,348
38,165	1,348	0,674	1,348
38,305	1,395	0,674	1,395
41,255	1,395	0,674	1,395
40,403	1,404	1,657	1,404
40,421	1,395	1,657	1,395
40,159	1,395	1,657	1,395
43,081	0,721	0,983	0,721
40,206	1,189	1,966	1,189
40,300	1,189	1,966	1,189
39,963	1,189	1,966	1,189
40,150	1,189	1,966	1,189
42,303	0,627	1,966	0,627
42,125	0,618	1,966	0,618
41,882	0,618	1,966	0,618
39,176	1,180	1,966	1,180
40,337	1,180	1,966	1,180
40,253	1,133	1,966	1,133
40,094	1,133	1,966	1,133
43,521	1,124	0,983	1,124
40,272	1,124	0,983	1,124
41,180	1,124	0,983	1,124
41,105	1,124	0,983	1,124
44,139	0,562	0,000	0,562
44,073	0,562	0,000	0,562
43,727	0,562	0,000	0,562
43,605	0,562	0,000	0,562
44,719	0,562	0,000	0,562
44,850	0,562	0,000	0,562
45,075	0,562	0,000	0,562
46,086	0,000	0,000	0,000
46,788	0,000	0,000	0,000
46,451	0,000	0,000	0,000
45,215	0,000	0,000	0,000
43,493	0,000	0,000	0,000
44,007	0,562	1,077	0,562
43,361	0,562	1,077	0,562
43,212	0,562	1,077	0,562
40,328	0,562	1,077	0,562
42,004	0,562	1,077	0,562
41,255	0,562	1,077	0,562
37,912	0,562	1,077	0,562
37,200	0,562	1,077	0,562
37,079	0,562	1,077	0,562
35,215	0,562	1,077	0,562
37,107	0,562	1,077	0,562
36,414	0,599	1,077	0,599
33,876	1,021	1,498	1,021
35,197	1,021	1,498	1,021
35,552	1,021	1,498	1,021
36,283	0,459	0,421	0,459
36,264	0,459	0,421	0,459
36,404	0,459	0,421	0,459
37,350	1,948	0,421	1,948
33,839	3,493	0,421	3,493
33,549	5,674	1,929	5,674
35,693	7,856	1,929	7,856
34,766	10,037	5,272	10,037
33,783	12,219	5,272	12,219
33,811	13,867	5,272	13,867
31,919	15,515	5,272	15,515
30,103	17,125	5,272	17,125
31,227	18,352	4,850	18,352
29,391	20,000	4,850	20,000
30,421	20,009	4,850	20,009
32,266	20,019	4,850	20,019
30,524	21,657	4,850	21,657
28,493	23,090	4,850	4,850
28,305	23,034	6,667	6,667
28,212	22,921	6,667	6,667
27,491	22,172	7,406	7,406
27,163	21,985	7,406	7,406
27,041	19,803	4,064	4,064
28,099	17,622	4,064	4,064
29,775	15,974	4,064	4,064
28,249	14,335	4,073	4,073
30,131	16,058	7,238	7,238
32,060	14,410	7,238	7,238
33,989	12,762	7,238	7,238
34,822	12,753	7,238	7,238
34,139	15,309	7,238	7,238
34,991	16,236	7,238	7,238
37,022	14,803	7,238	7,238
38,951	13,371	5,421	5,421
40,918	11,948	5,459	5,459
42,949	10,515	3,212	3,212
43,736	11,114	3,212	3,212
45,150	11,114	3,212	3,212
45,178	11,142	3,212	3,212
45,206	11,170	6,564	6,564
48,380	11,161	6,554	6,554
48,287	7,818	3,390	3,390
47,013	7,818	3,390	3,390
45,740	7,818	3,390	3,390
44,635	7,818	3,390	3,390
45,468	5,253	3,390	3,390
46,498	5,112	3,390	3,390
44,710	7,051	5,487	5,487
43,324	7,051	5,487	5,487
42,575	9,401	5,449	5,449
40,777	9,401	5,449	5,449
41,414	6,807	5,449	6,807
41,236	6,816	5,449	6,816
40,478	6,788	5,449	6,788
41,873	6,760	2,097	6,760
38,699	6,760	2,097	6,760
38,418	6,732	2,097	6,732
40,028	6,732	2,097	6,732
40,974	6,732	2,097	6,732
41,648	6,732	2,097	6,732
39,373	7,715	2,097	7,715
39,382	5,290	2,097	5,290
39,934	3,352	0,000	3,352
41,264	3,352	0,000	3,352
41,948	0,993	0,000	0,993
44,560	0,993	0,000	0,993
44,532	1,002	0,000	1,002
45,075	0,993	0,000	0,993
45,918	1,021	0,000	1,021
42,463	1,021	0,000	1,021
45,852	1,021	0,000	1,021
46,124	1,021	0,000	1,021
45,861	1,021	0,000	1,021
45,852	1,021	0,000	1,021
46,021	4,878	0,047	4,878
45,871	4,757	0,908	4,757
47,125	4,757	0,908	4,757
48,371	4,757	0,908	4,757
48,539	4,757	0,908	4,757
50,187	4,757	0,908	4,757
49,354	4,757	0,908	4,757
47,135	4,747	0,908	4,747
44,326	4,747	0,983	4,747
44,242	4,719	0,983	4,719
46,161	4,728	0,983	4,728
46,142	4,728	0,983	4,728
45,983	4,728	0,983	4,728
45,599	4,728	0,983	4,728
44,766	4,728	0,983	4,728
43,390	0,871	0,936	0,871
45,880	0,019	0,075	0,019
44,485	0,028	0,075	0,028
44,157	0,037	0,075	0,037
44,092	0,037	0,075	0,037
42,519	0,037	0,075	0,037
39,597	0,599	0,637	0,599
41,788	0,599	0,637	0,599
44,448	0,609	0,562	0,609
44,597	0,609	0,562	0,609
44,869	0,599	0,562	0,599
45,019	0,655	0,562	0,655
41,873	0,655	0,562	0,655
42,013	4,007	0,562	4,007
40,581	4,036	0,609	4,036
40,796	4,036	0,609	4,036
39,991	4,026	0,609	4,026
36,685	4,017	0,609	4,017
33,549	4,007	0,609	4,007
30,150	4,007	0,609	4,007
30,056	4,026	0,609	4,026
32,865	6,751	0,047	6,751
30,037	7,238	0,047	7,238
27,004	7,903	0,721	7,903
25,871	10,215	0,721	10,215
25,852	13,380	0,721	13,380
25,637	16,695	0,721	16,695
27,603	18,848	4,007	18,848
27,472	18,792	4,007	18,792
29,822	21,339	3,961	21,339
30,749	24,335	3,961	24,335
31,676	27,331	3,961	27,331
35,449	27,331	3,961	27,331
39,223	27,331	3,961	27,331
42,809	27,331	3,961	3,961
43,062	27,313	3,961	3,961
43,127	24,026	3,961	3,961
46,030	26,676	3,961	3,961
45,412	26,002	3,287	3,287
43,165	23,689	3,287	3,287
42,079	22,940	3,287	3,287
40,590	21,433	3,287	3,287
40,440	21,142	0,000	0,000
40,552	17,846	0,000	0,000
40,618	15,272	0,000	0,000
40,393	15,599	0,000	0,000
38,876	14,635	0,000	0,000
37,013	16,667	0,000	0,000
36,358	16,732	0,000	0,000
34,298	18,324	0,000	0,000
33,436	21,011	0,000	0,000
32,743	23,699	0,000	0,000
32,182	23,249	0,000	0,000
34,251	25,262	0,000	0,000
34,654	25,684	0,421	0,421
32,912	23,830	0,983	0,983
32,706	23,455	0,983	0,983
32,500	23,081	0,993	0,993
30,964	24,888	0,993	0,993
29,054	26,507	1,011	1,011
27,210	24,803	1,011	1,011
26,657	24,391	1,433	1,433
26,105	23,979	1,433	1,433
24,345	25,534	3,699	3,699
24,176	25,562	3,699	3,699
23,511	24,794	6,901	6,901
21,217	22,528	7,247	7,247
20,674	22,172	7,247	7,247
20,028	21,610	7,275	7,275
21,376	22,846	6,854	6,854
22,612	23,942	6,292	6,292
22,809	24,373	6,292	6,292
23,006	24,803	6,283	6,283
23,230	25,066	6,283	6,283
23,830	25,515	6,264	6,264
24,429	25,964	6,264	6,264
26,442	24,345	5,843	5,843
25,084	22,725	5,843	5,843
26,039	23,474	3,577	3,577
26,994	24,223	3,577	3,577
27,481	24,429	0,375	0,375
29,597	26,133	0,028	0,028
29,232	25,684	1,498	1,498
29,504	25,880	4,757	4,757
30,000	26,564	4,757	4,757
30,084	26,564	5,768	5,768
31,807	28,081	9,279	9,279
32,425	28,530	9,279	9,279
32,397	28,193	10,993	10,993
32,369	27,856	10,993	10,993
32,341	27,519	13,071	13,071
30,702	29,129	13,071	13,071
30,702	29,129	13,071	13,071
28,390	26,760	13,071	13,071
29,485	27,584	13,071	13,071
30,375	28,652	13,071	13,071
31,320	29,738	13,071	13,071
32,163	30,740	11,601	11,601
30,468	29,092	8,315	8,315
29,326	27,856	8,315	8,315
28,596	27,303	7,303	7,303
26,170	24,972	3,792	3,792
24,850	23,708	3,792	3,792
22,921	21,976	2,079	2,079
20,993	20,243	2,079	2,079
20,552	19,878	0,000	0,000
20,309	19,635	3,249	3,249
21,760	21,049	3,249	3,249
23,212	22,463	3,249	3,249
21,255	20,684	3,249	3,249
20,075	19,860	3,249	3,249
18,839	19,017	3,249	3,249
18,436	18,502	3,249	3,249
20,665	20,871	3,249	3,249
22,753	23,137	3,249	3,249
24,841	25,403	3,249	3,249
25,281	25,908	3,249	3,249
25,721	26,414	3,249	3,249
28,371	28,998	3,277	3,277
31,021	31,582	3,305	3,305
32,182	32,800	5,506	5,506
31,938	32,790	2,257	2,257
31,732	32,734	5,393	5,393
32,856	33,708	5,393	5,393
34,691	35,375	5,393	5,393
35,749	36,086	5,393	5,393
36,807	36,798	5,393	5,393
37,865	37,509	5,393	5,393
38,801	38,296	5,393	5,393
38,773	38,081	5,393	5,393
36,751	35,993	5,431	5,431
37,856	36,985	5,431	5,431
37,809	36,882	5,431	5,431
36,657	35,805	5,403	5,403
37,051	36,545	9,073	9,073
37,444	37,285	10,571	10,571
38,493	38,015	14,270	14,270
37,247	36,667	11,142	11,142
34,672	34,288	13,502	13,502
33,436	33,230	15,861	15,861
31,873	32,079	18,221	18,221
30,309	30,927	18,221	18,221
28,745	29,775	18,221	18,221
26,096	27,182	18,783	18,783
23,895	25,009	19,766	19,766
23,689	24,710	20,712	20,712
22,004	23,090	20,712	20,712
21,470	22,566	24,036	24,036
20,936	22,041	24,036	24,036
18,858	19,700	20,337	20,337
17,388	18,193	16,639	16,639
16,667	17,921	12,968	12,968
18,240	19,728	12,959	12,959
18,605	20,103	10,599	10,599
18,052	19,785	8,240	8,240
18,052	19,494	5,880	5,880
18,137	19,410	5,880	5,880
18,137	19,213	5,880	5,880
19,345	20,384	7,659	7,659
18,727	19,728	6,676	6,676
19,766	20,871	5,693	5,693
20,805	22,013	5,693	5,693
21,845	23,155	2,378	2,378
22,968	24,139	2,388	2,388
22,772	23,839	2,388	2,388
21,966	22,706	2,388	2,388
21,161	21,573	2,360	2,360
21,564	21,554	2,360	2,360
21,199	21,170	2,360	2,360
19,981	19,719	2,360	2,360
19,672	19,569	5,927	5,927
19,176	18,970	8,015	8,015
18,764	18,483	8,015	8,015
18,670	18,258	5,674	5,674
19,953	19,438	5,684	5,684
19,616	18,830	5,684	5,684
17,753	16,929	5,730	5,730
17,219	16,386	5,721	5,721
16,948	16,311	5,712	5,712
17,996	17,519	5,712	5,712
19,045	18,727	5,712	5,712
21,180	20,843	5,712	5,712
21,170	20,768	9,232	9,232
21,170	20,768	9,232	9,232
20,890	20,515	11,339	11,339
22,753	22,416	7,772	7,772
24,719	24,560	6,049	6,049
26,685	26,704	6,049	6,049
28,333	28,586	6,049	6,049
28,464	28,717	6,039	6,039
28,652	29,054	8,127	8,127
29,766	30,094	8,081	8,081
29,551	29,775	11,358	11,358
28,989	29,148	14,635	14,635
28,427	28,521	14,635	14,635
28,240	28,230	14,635	14,635
26,816	26,863	14,635	14,635
26,788	26,873	11,114	11,114
26,788	26,873	11,114	11,114
26,788	26,873	9,007	9,007
23,511	23,483	9,007	9,007
20,234	20,094	8,642	8,642
19,110	18,801	10,665	10,665
17,303	16,573	10,665	10,665
15,543	14,934	10,665	10,665
15,028	14,288	8,577	8,577
15,112	14,232	8,577	8,577
17,004	16,367	5,300	5,300
18,895	18,502	2,022	2,022
19,279	18,773	2,022	2,022
18,052	17,594	2,444	2,444
17,088	16,723	3,006	3,006
17,715	17,500	3,006	3,006
20,075	19,672	3,006	3,006
23,661	23,127	3,006	3,006
27,135	26,367	3,006	3,006
27,135	26,367	3,006	3,006
28,287	27,528	0,983	0,983
26,816	26,367	0,983	0,983
26,816	26,367	0,983	0,983
28,755	29,719	0,983	0,983
30,693	33,071	4,242	4,242
27,584	29,738	7,500	7,500
24,841	26,760	7,921	7,921
23,717	25,787	8,483	8,483
24,710	26,601	8,062	8,062
25,590	27,275	7,500	7,500
24,682	26,592	10,684	10,684
24,672	26,845	10,684	10,684
24,345	23,390	10,684	10,684
24,129	20,150	10,684	10,684
27,388	20,150	10,684	10,684
24,270	17,116	14,007	14,007
26,442	19,176	17,331	17,331
27,940	20,684	19,522	19,522
27,219	18,717	19,522	19,522
26,498	16,751	16,264	16,264
29,017	19,279	13,006	13,006
31,170	21,451	12,584	12,584
30,655	20,890	12,022	12,022
31,358	21,798	15,421	15,421
32,060	22,706	15,421	15,421
32,500	23,024	12,238	12,238
32,247	22,743	12,238	12,238
30,459	24,167	12,238	12,238
28,708	25,534	12,238	12,238
26,957	26,901	12,238	12,238
28,277	28,043	8,914	8,914
27,612	27,350	5,590	5,590
27,622	27,210	3,399	3,399
28,418	28,109	3,399	3,399
29,213	29,007	3,399	3,399
27,903	27,781	3,399	3,399
26,742	26,573	3,408	3,408
28,137	27,959	3,408	3,408
27,434	27,200	0,009	0,009
27,725	27,659	0,009	0,009
28,015	28,118	2,013	2,013
28,305	28,577	2,013	2,013
29,223	29,757	2,013	2,013
30,946	31,770	2,013	2,013
32,669	33,783	2,013	2,013
32,903	34,064	4,167	4,167
33,137	34,345	4,167	4,167
33,371	34,625	4,167	4,167
33,483	34,607	4,167	4,167
33,596	34,588	6,461	6,461
35,468	36,507	9,869	9,869
35,281	36,517	9,860	9,860
33,989	35,225	9,860	9,860
35,918	33,839	9,860	9,860
36,854	31,236	9,860	9,860
37,790	28,633	7,856	7,856
38,727	26,030	7,856	7,856
39,663	23,427	7,856	7,856
37,875	21,236	7,856	7,856
36,086	19,045	7,856	7,856
34,345	17,406	5,712	5,712
34,054	17,172	5,712	5,712
35,618	18,839	7,828	7,828
34,110	17,341	7,828	7,828
32,603	15,843	5,534	5,534
31,442	14,532	2,125	2,125
30,234	13,137	3,109	3,109
30,131	13,043	3,109	3,109
26,807	13,043	3,614	3,614
25,983	15,702	3,614	3,614
25,449	18,558	3,614	3,614
24,916	21,414	3,614	3,614
24,532	23,961	3,614	3,614
23,998	23,661	5,684	5,684
25,112	24,850	5,684	5,684
27,669	27,219	5,674	5,674
29,513	29,148	5,674	5,674
27,753	27,313	3,558	3,558
27,734	27,154	3,558	3,558
27,219	26,564	3,558	3,558
26,704	25,974	3,558	3,558
28,146	27,360	2,575	2,575
29,110	28,343	3,558	3,558
30,075	29,326	3,052	3,052
28,539	27,650	3,052	3,052
27,285	26,367	3,052	3,052
26,124	25,215	3,052	3,052
25,571	24,822	3,052	3,052
27,051	26,086	0,983	0,983
26,994	26,236	0,983	0,983
26,938	26,386	1,058	1,058
26,142	25,571	1,058	1,058
27,659	27,481	1,058	1,058
27,500	27,397	1,058	1,058
27,762	27,743	1,058	1,058
28,230	28,474	1,058	1,058
28,699	29,204	1,058	1,058
28,352	28,895	0,749	0,749
28,839	29,335	0,749	0,749
29,139	29,532	0,749	0,749
29,560	30,037	4,045	4,045
28,783	29,223	7,472	7,472
27,247	27,959	7,472	7,472
24,860	25,805	7,472	7,472
24,176	25,309	9,691	9,691
25,215	25,918	9,616	9,616
26,255	26,526	9,616	9,616
26,732	26,273	9,616	9,616
28,493	27,678	9,616	9,616
30,328	29,082	9,616	9,616
30,983	29,326	9,616	9,616
32,378	30,599	12,846	12,846
35,066	33,315	12,172	12,172
36,919	35,281	12,172	12,172
39,017	39,232	12,172	12,172
40,562	40,552	8,876	8,876
43,268	42,893	8,783	8,783
45,974	45,234	10,964	10,964
45,974	45,234	10,964	10,964
44,157	43,202	8,745	8,745
42,509	41,882	8,745	8,745
41,339	40,983	8,745	8,745
40,169	40,084	10,843	10,843
39,831	40,103	10,843	10,843
37,107	37,828	11,704	11,704
37,743	38,633	11,704	11,704
37,640	38,408	8,474	8,474
37,537	38,184	8,474	8,474
35,805	36,348	8,474	8,474
34,017	32,772	8,474	8,474
32,088	30,927	8,474	8,474
30,103	29,251	5,140	5,140
29,625	28,764	2,959	2,959
32,706	31,507	2,959	2,959
35,787	34,251	2,959	2,959
36,976	35,178	2,959	2,959
37,687	35,684	2,959	2,959
36,910	34,803	0,861	0,861
35,609	33,605	2,931	2,931
37,968	35,833	2,069	2,069
37,940	35,758	2,069	2,069
36,873	34,869	2,069	2,069
35,805	33,979	2,069	2,069
36,096	34,120	2,069	2,069
36,039	33,923	2,069	2,069
35,983	33,727	6,030	6,030
36,114	33,848	6,030	6,030
36,236	34,298	6,030	6,030
34,232	32,594	6,592	6,592
32,491	31,348	6,592	6,592
30,749	30,103	8,755	8,755
30,122	29,691	8,755	8,755
31,891	31,713	8,755	8,755
33,352	33,137	6,685	6,685
31,180	30,880	6,685	6,685
30,262	30,178	6,685	6,685
30,384	30,290	6,685	6,685
31,695	31,339	8,867	8,867
30,234	30,066	9,288	9,288
31,545	31,161	9,288	9,288
31,545	31,404	5,328	5,328
31,358	31,330	5,328	5,328
30,356	30,487	5,328	5,328
31,582	31,976	4,766	4,766
31,891	32,013	4,766	4,766
32,818	32,818	2,603	2,603
32,631	32,790	2,603	2,603
31,433	31,648	2,603	2,603
31,386	31,601	2,603	2,603
30,384	30,768	2,603	2,603
28,127	28,380	6,067	6,067
25,871	25,993	6,067	6,067
25,665	26,011	3,886	3,886
28,502	28,933	3,464	3,464
29,045	26,479	3,464	3,464
29,101	24,878	3,464	3,464
31,002	23,277	3,464	3,464
32,640	20,927	3,464	3,464
33,502	18,399	3,464	3,464
35,243	16,863	3,464	3,464
32,978	14,560	3,464	3,464
30,712	12,257	3,464	3,464
28,549	10,019	3,464	3,464
25,234	6,685	3,464	3,464
25,234	6,685	3,464	3,464
25,234	6,685	0,000	0,000
25,234	6,685	0,000	0,000
25,356	3,343	0,000	0,000
22,116	0,000	0,000	0,000
18,745	0,000	0,000	0,000
19,345	0,000	0,000	0,000
19,288	0,000	0,000	0,000
15,449	0,000	0,000	0,000
12,285	0,000	0,000	0,000
11,386	2,481	0,000	2,481
11,386	2,481	0,000	2,481
11,386	2,481	0,000	2,481
11,386	2,481	0,000	2,481
11,386	2,481	0,000	2,481
11,386	2,481	0,000	2,481
11,386	2,481	0,000	2,481
14,775	2,481	0,000	2,481
13,708	2,481	0,000	2,481
16,910	2,481	0,000	2,481
20,581	2,481	0,000	2,481
19,813	2,481	0,000	2,481
19,888	2,481	0,000	2,481
22,051	2,481	0,000	2,481
25,824	2,481	0,000	2,481
23,333	0,000	0,000	0,000
27,603	0,000	0,000	0,000
30,880	0,000	0,000	0,000
30,880	0,000	0,000	0,000
30,880	0,000	0,000	0,000
30,880	0,000	0,000	0,000
30,890	0,000	0,000	0,000
27,500	0,000	0,000	0,000
25,206	0,000	0,000	0,000
25,412	0,000	0,000	0,000
21,742	0,000	0,000	0,000
24,054	0,000	0,000	0,000
20,618	0,000	0,000	0,000
20,459	0,000	0,000	0,000
16,685	0,000	0,000	0,000
21,629	0,000	0,000	0,000
20,684	0,000	0,000	0,000
20,777	0,000	0,000	0,000
24,195	0,000	0,000	0,000
26,639	0,000	0,000	0,000
26,976	0,000	0,000	0,000
26,966	0,000	0,000	0,000
31,948	0,000	0,000	0,000
35,206	0,000	0,000	0,000
35,084	0,000	0,000	0,000
37,144	0,000	0,000	0,000
33,427	0,000	0,000	0,000
36,479	0,000	0,000	0,000
36,919	0,000	0,000	0,000
38,642	0,000	0,000	0,000
39,504	0,000	0,000	0,000
39,560	0,000	0,000	0,000
39,504	0,000	0,000	0,000
36,086	0,000	0,000	0,000
37,903	0,000	0,000	0,000
39,841	0,000	0,000	0,000
40,431	0,000	0,000	0,000
38,521	0,000	0,000	0,000
40,543	0,000	0,000	0,000
40,927	0,000	0,000	0,000
40,964	0,000	0,000	0,000
41,479	0,562	0,983	0,562
38,427	0,562	0,983	0,562
35,983	0,562	0,983	0,562
37,669	0,562	0,983	0,562
35,094	0,562	0,983	0,562
32,528	1,423	1,845	1,423
29,213	1,423	1,845	1,423
29,213	1,423	1,845	1,423
28,315	1,423	1,845	1,423
26,039	1,423	1,845	1,423
28,811	1,423	1,845	1,423
25,740	1,423	1,845	1,423
22,116	1,423	1,845	1,423
22,266	1,423	1,845	1,423
23,502	1,423	1,845	1,423
26,330	0,861	0,861	0,861
29,616	0,861	0,861	0,861
29,963	0,861	0,861	0,861
26,554	0,861	0,861	0,861
26,760	0,861	0,861	0,861
25,946	0,000	0,000	0,000
29,279	0,000	0,000	0,000
33,970	0,000	0,000	0,000
30,609	0,000	0,000	0,000
33,904	0,000	0,000	0,000
30,543	0,000	0,000	0,000
33,708	0,000	0,000	0,000
32,051	0,000	0,000	0,000
31,639	0,000	0,000	0,000
31,723	0,000	0,000	0,000
28,380	0,000	0,000	0,000
25,094	0,000	0,000	0,000
28,202	0,000	5,665	0,000
31,461	0,000	5,665	0,000
31,273	0,000	5,665	0,000
31,788	0,562	6,227	0,562
31,760	0,562	6,227	0,562
27,069	0,562	6,227	0,562
30,468	0,562	6,227	0,562
27,285	0,562	6,227	0,562
27,285	0,562	6,227	0,562
27,369	0,562	6,227	0,562
27,528	0,562	6,227	0,562
27,453	0,562	6,227	0,562
25,318	0,562	6,227	0,562
25,318	0,562	6,227	0,562
25,318	0,562	6,227	0,562
21,863	0,562	0,562	0,562
18,605	0,562	0,562	0,562
15,356	0,562	0,562	0,562
18,258	0,000	0,000	0,000
15,356	0,421	0,983	0,421
15,356	0,421	0,983	0,421
11,957	0,421	0,983	0,421
15,243	0,421	0,983	0,421
18,474	0,421	0,983	0,421
19,522	0,421	0,983	0,421
22,631	0,421	0,983	0,421
19,298	0,421	0,983	0,421
21,283	0,421	0,983	0,421
21,283	0,421	0,983	0,421
23,727	0,421	0,983	0,421
26,639	0,421	0,983	0,421
31,161	0,421	0,983	0,421
31,161	0,421	0,983	0,421
28,146	0,843	1,966	0,843
31,788	0,421	0,983	0,421
34,794	0,421	0,983	0,421
38,155	0,421	0,983	0,421
34,757	0,421	0,983	0,421
34,391	0,421	0,983	0,421
30,094	0,421	1,966	0,421
26,826	0,421	1,966	0,421
30,768	0,421	1,966	0,421
30,758	0,421	1,966	0,421
30,758	0,421	1,966	0,421
28,315	0,421	1,966	0,421
25,403	0,421	2,949	0,421
20,880	0,421	2,949	0,421
24,232	0,421	2,949	0,421
24,635	0,000	1,966	0,000
23,436	0,000	1,966	0,000
23,876	0,000	1,966	0,000
20,843	0,318	2,949	0,318
20,852	0,318	2,949	0,318
17,987	0,318	2,949	0,318
17,987	0,318	1,966	0,318
17,987	0,318	1,966	0,318
14,448	0,740	2,388	0,740
11,189	0,740	2,388	0,740
11,189	0,740	2,388	0,740
11,189	0,740	2,388	0,740
11,189	0,740	1,404	0,740
11,189	0,740	1,404	0,740
7,837	0,740	1,404	0,740
7,032	0,740	1,404	0,740
4,185	0,740	1,404	0,740
0,740	0,740	1,404	0,740
0,412	0,421	0,421	0,421
0,403	0,421	0,421	0,421
0,403	0,421	0,421	0,421
0,403	0,421	0,421	0,421
0,403	0,421	0,421	0,421
0,403	0,421	0,983	0,421
0,403	0,421	0,983	0,421
0,403	0,421	0,983	0,421
0,403	0,421	0,983	0,421
0,403	0,421	0,983	0,421
0,403	0,421	0,983	0,421
0,403	0,421	0,983	0,421
0,403	0,421	0,983	0,421
0,403	0,421	0,983	0,421
0,403	0,421	0,983	0,421
0,403	0,421	1,404	0,421
0,403	0,421	1,404	0,421
0,712	0,730	2,125	0,730
0,712	0,730	2,125	0,730
0,712	0,730	2,125	0,730
0,309	0,309	1,142	0,309
0,309	0,309	1,142	0,309
0,309	0,309	1,142	0,309
0,309	0,309	1,142	0,309
0,309	0,309	1,142	0,309
0,309	0,309	1,142	0,309
0,309	0,309	1,142	0,309
0,309	0,309	1,142	0,309
0,309	0,309	1,142	0,309
0,309	0,309	1,142	0,309
0,309	0,309	0,721	0,309
0,309	0,309	0,721	0,309
0,000	0,000	0,000	0,000
0,000	0,000	0,000	0,000
0,000	0,000	0,000	0,000
0,000	0,000	0,000	0,000
0,000	0,000	0,000	0,000
0,000	0,000	0,000	0,000
0,000	0,000	0,000	0,000
0,000	0,000	0,000	0,000
0,000	0,000	0,000	0,000
0,000	0,000	0,000	0,000
0,000	0,000	0,000	0,000
0,000	0,000	0,000	0,000
0,000	0,000	0,000	0,000
0,000	0,000	0,000	0,000
0,000	0,000	0,000	0,000
0,000	0,000	0,000	0,000
0,000	0,000	0,000	0,000
0,000	0,000	0,000	0,000
0,009	0,000	0,000	0,000
0,009	0,000	0,000	0,000
0,412	0,421	0,318	0,421
0,412	0,421	0,318	0,421
0,412	0,421	0,318	0,421
0,412	0,421	0,318	0,421
0,412	0,421	0,318	0,421
0,412	0,421	0,318	0,421
0,412	0,421	0,318	0,421
0,412	0,421	0,318	0,421
0,412	0,421	0,318	0,421
0,412	0,421	0,318	0,421
0,412	0,421	1,301	0,421
0,412	0,421	1,301	0,421
0,412	0,421	1,301	0,421
0,403	0,421	1,301	0,421
0,403	0,421	1,301	0,421
0,000	0,000	0,983	0,000
0,000	0,000	0,983	0,000
0,000	0,000	0,983	0,000
0,000	0,000	0,983	0,000
0,000	0,000	0,983	0,000
0,000	0,000	0,983	0,000
0,000	0,000	1,966	0,000
0,000	0,000	1,966	0,000
0,000	0,000	1,966	0,000
0,000	0,000	1,966	0,000
0,000	0,000	0,983	0,000
0,000	0,000	0,983	0,000
0,000	0,000	0,983	0,000
0,421	0,300	1,292	0,300
0,421	0,300	1,292	0,300
0,421	0,300	1,292	0,300
0,421	0,300	1,292	0,300
0,421	0,300	1,292	0,300
0,421	0,300	1,292	0,300
0,421	0,300	1,292	0,300
0,421	0,300	1,292	0,300
0,421	0,300	0,309	0,300
0,421	0,300	0,309	0,300
0,421	0,300	0,309	0,300
0,421	0,300	1,292	0,300
0,421	0,300	1,292	0,300
0,421	0,300	1,292	0,300
0,421	0,300	1,292	0,300
0,000	0,000	0,983	0,000
0,000	0,000	0,983	0,000
0,000	0,000	0,983	0,000
0,000	0,000	0,983	0,000
0,000	0,000	0,983	0,000
0,000	0,000	0,983	0,000
0,000	0,000	0,983	0,000
0,000	0,000	0,983	0,000
0,000	0,000	0,983	0,000
0,000	0,000	0,983	0,000
0,000	0,000	0,983	0,000
0,000	0,000	0,000	0,000
0,000	0,000	0,000	0,000
0,000	0,000	0,000	0,000
0,000	0,000	0,000	0,000
0,000	0,000	0,000	0,000
0,000	0,000	0,000	0,000
0,000	0,000	0,000	0,000
0,000	0,000	0,000	0,000
0,000	0,000	0,000	0,000
0,000	0,000	0,000	0,000
0,000	0,000	0,000	0,000
0,000	0,000	0,000	0,000
0,000	0,000	0,000	0,000
0,000	0,000	0,000	0,000
0,000	0,000	0,000	0,000
0,000	0,000	0,000	0,000
0,000	0,000	0,000	0,000
0,000	0,000	0,000	0,000
0,000	0,000	0,000	0,000
0,000	0,000	0,000	0,000
0,000	0,000	0,000	0,000
0,000	0,000	0,000	0,000
0,000	0,000	0,000	0,000
0,000	0,000	0,000	0,000
0,000	0,000	0,000	0,000
0,000	0,000	0,000	0,000
0,000	0,000	0,000	0,000
0,000	0,000	0,000	0,000
0,000	0,000	0,000	0,000
0,000	0,000	0,000	0,000
0,000	0,000	0,000	0,000
0,000	0,000	0,000	0,000
0,000	0,000	0,000	0,000
0,000	0,000	0,000	0,000
0,000	0,000	0,000	0,000
0,000	0,000	0,000	0,000
0,000	0,000	0,000	0,000
0,000	0,000	0,000	0,000
0,000	0,000	0,000	0,000
0,000	0,000	0,000	0,000
0,000	0,000	0,000	0,000
0,000	0,000	0,000	0,000
0,000	0,000	0,000	0,000
0,309	0,309	0,253	0,309
0,309	0,309	0,253	0,309
0,309	0,309	0,253	0,309
0,309	0,309	0,253	0,309
0,309	0,309	0,253	0,309
0,309	0,309	0,253	0,309
0,309	0,309	0,253	0,309
0,309	0,309	0,253	0,309
0,309	0,309	0,253	0,309
0,309	0,309	0,253	0,309
0,309	0,309	0,253	0,309
0,309	0,309	0,253	0,309
0,309	0,309	0,253	0,309
0,309	0,309	0,253	0,309
0,309	0,309	0,253	0,309
0,000	0,000	0,000	0,000
0,000	0,000	0,000	0,000
0,000	0,000	0,000	0,000
0,000	0,000	0,000	0,000
0,000	0,000	0,000	0,000
0,000	0,000	0,000	0,000
0,000	0,000	0,000	0,000
0,000	0,000	0,000	0,000
0,000	0,000	0,000	0,000
0,000	0,000	0,000	0,000
0,000	0,000	0,000	0,000
0,000	0,000	0,000	0,000
0,000	0,000	0,000	0,000
0,000	0,000	0,000	0,000
1,891	0,000	0,000	0,000
1,891	0,000	0,000	0,000
6,545	0,000	0,000	0,000
11,199	0,000	3,352	0,000
15,852	0,000	3,352	0,000
19,242	0,000	3,352	0,000
23,427	0,000	3,352	0,000
25,375	0,000	3,352	0,000
28,549	0,000	3,352	0,000
31,816	0,000	3,352	0,000
33,249	1,348	3,352	1,348
34,682	2,697	3,352	2,697
37,837	2,697	3,352	2,697
38,895	2,697	3,352	2,697
44,251	2,697	3,352	2,697
45,740	2,697	3,352	2,697
49,073	2,697	3,352	2,697
46,395	2,697	3,352	2,697
45,094	2,697	0,000	2,697
43,745	2,697	0,000	2,697
43,736	2,697	0,000	2,697
42,800	2,697	0,000	2,697
44,176	2,697	0,000	2,697
44,457	2,697	0,000	2,697
45,655	2,697	0,000	2,697
47,622	1,348	0,000	1,348
49,728	0,000	0,000	0,000
52,434	0,000	0,000	0,000
54,682	0,000	0,000	0,000
52,884	0,000	0,000	0,000
52,818	0,000	0,000	0,000
52,743	0,000	0,000	0,000
53,090	0,000	0,000	0,000
51,770	0,000	0,000	0,000
51,685	0,000	0,000	0,000
51,863	0,000	0,000	0,000
51,498	0,000	0,000	0,000
51,461	0,000	0,000	0,000
51,301	0,000	0,000	0,000
50,253	0,000	0,000	0,000
49,307	0,000	0,000	0,000
49,026	0,000	0,000	0,000
44,354	0,000	0,000	0,000
43,006	0,000	0,000	0,000
42,556	0,000	0,000	0,000
45,309	0,000	0,000	0,000
47,200	0,000	0,000	0,000
48,839	0,000	0,000	0,000
50,140	0,000	0,000	0,000
51,985	0,000	0,000	0,000
51,704	0,000	0,000	0,000
50,740	0,000	0,000	0,000
50,833	0,000	0,000	0,000
51,657	0,000	0,000	0,000
51,526	0,000	0,000	0,000
51,554	0,000	0,000	0,000
51,610	0,000	0,000	0,000
53,699	0,000	0,000	0,000
55,187	0,000	0,000	0,000
52,650	0,000	0,000	0,000
50,028	0,000	0,000	0,000
48,202	0,000	0,000	0,000
47,079	2,828	0,000	2,828
45,552	4,672	0,000	4,672
44,438	4,672	0,000	4,672
44,476	4,672	0,000	4,672
45,581	4,672	0,000	4,672
45,309	4,672	0,000	4,672
44,485	4,700	0,000	4,700
44,391	4,700	0,000	4,700
45,346	4,728	0,000	4,728
45,459	4,738	0,000	4,738
46,086	4,738	0,000	4,738
46,011	4,738	0,000	4,738
47,566	4,738	0,000	4,738
47,313	4,738	0,000	4,738
47,182	4,738	0,000	4,738
45,974	1,910	0,000	1,910
45,431	0,066	0,000	0,066
44,345	0,066	0,000	0,066
41,760	0,066	0,000	0,066
42,163	0,066	0,000	0,066
42,294	0,066	0,000	0,066
39,934	0,037	0,000	0,037
37,622	0,037	0,000	0,037
35,094	0,009	0,000	0,009
34,148	0,000	0,000	0,000
34,476	0,000	0,000	0,000
34,148	0,000	0,000	0,000
35,384	0,000	0,000	0,000
35,609	0,000	0,000	0,000
35,758	0,000	0,000	0,000
37,257	0,000	0,000	0,000
39,953	0,000	0,000	0,000
38,371	0,000	0,000	0,000
40,946	0,000	0,000	0,000
37,519	0,000	0,000	0,000
37,603	0,000	0,000	0,000
40,094	0,000	0,000	0,000
39,213	0,000	0,000	0,000
42,893	0,000	0,000	0,000
44,438	0,000	0,000	0,000
41,742	0,000	0,000	0,000
38,699	0,000	0,000	0,000
38,558	0,000	0,000	0,000
35,140	0,000	0,000	0,000
31,798	0,000	0,000	0,000
32,285	0,000	0,000	0,000
29,654	0,000	0,000	0,000
31,301	0,000	0,000	0,000
32,060	0,000	0,000	0,000
35,777	0,000	0,000	0,000
32,453	0,000	0,983	0,000
32,331	0,000	0,983	0,000
35,646	0,000	0,983	0,000
34,110	0,000	0,983	0,000
32,125	0,000	0,983	0,000
35,159	0,000	0,983	0,000
38,717	0,000	0,983	0,000
40,524	0,000	0,983	0,000
46,470	0,000	0,983	0,000
49,785	0,000	0,983	0,000
47,884	0,000	0,983	0,000
49,691	0,000	0,983	0,000
50,721	0,000	0,983	0,000
50,150	0,000	0,983	0,000
48,558	0,000	0,983	0,000
51,807	0,000	0,000	0,000
48,820	0,000	0,000	0,000
48,699	0,000	0,000	0,000
48,390	0,000	0,000	0,000
48,970	0,000	0,000	0,000
44,925	0,000	0,000	0,000
46,826	0,000	0,000	0,000
42,687	0,000	0,000	0,000
40,187	0,000	0,000	0,000
40,075	0,000	0,000	0,000
38,670	0,309	0,000	0,309
37,519	0,309	0,000	0,309
34,176	0,309	0,000	0,309
33,951	0,309	0,000	0,309
35,290	0,309	0,000	0,309
35,393	0,309	0,000	0,309
35,075	0,309	0,983	0,309
33,521	0,309	0,983	0,309
34,223	0,309	0,983	0,309
35,712	0,318	0,983	0,318
37,547	0,318	0,983	0,318
36,770	0,318	0,983	0,318
38,670	0,318	0,983	0,318
39,794	0,318	0,983	0,318
39,176	0,318	0,983	0,318
42,313	0,009	0,983	0,009
40,637	0,318	1,966	0,318
41,582	0,318	1,966	0,318
41,067	0,318	1,966	0,318
40,964	0,318	1,966	0,318
40,084	0,318	1,966	0,318
43,333	0,318	0,983	0,318
44,654	0,318	0,983	0,318
44,522	0,318	0,983	0,318
42,294	0,309	0,983	0,309
40,758	0,309	0,983	0,309
39,326	0,309	0,983	0,309
37,397	0,309	0,983	0,309
36,124	0,309	0,983	0,309
37,060	0,309	0,983	0,309
36,976	0,309	0,983	0,309
39,878	0,000	0,000	0,000
41,667	0,000	0,000	0,000
41,311	0,000	0,000	0,000
41,742	0,000	0,000	0,000
43,801	0,000	0,000	0,000
43,895	0,000	0,000	0,000
44,270	0,000	0,000	0,000
43,165	0,000	0,000	0,000
44,747	0,000	0,000	0,000
46,648	0,000	0,000	0,000
44,129	0,000	0,000	0,000
46,133	0,000	0,000	0,000
46,142	0,000	0,000	0,000
46,030	0,000	0,000	0,000
46,021	0,000	0,000	0,000
45,805	0,000	0,000	0,000
45,646	0,000	0,000	0,000
43,876	0,000	0,000	0,000
40,084	0,009	0,983	0,009
38,689	0,009	0,983	0,009
38,296	0,009	0,983	0,009
37,566	0,009	0,983	0,009
38,736	0,009	0,983	0,009
38,923	0,009	0,983	0,009
40,187	0,009	0,983	0,009
43,287	0,009	0,983	0,009
43,745	0,009	0,983	0,009
44,007	0,009	0,983	0,009
42,612	0,009	0,983	0,009
42,790	0,009	0,983	0,009
43,212	0,009	0,983	0,009
42,818	0,009	0,983	0,009
45,562	0,009	0,983	0,009
48,914	0,000	0,000	0,000
47,509	0,000	0,000	0,000
47,987	0,000	0,000	0,000
48,764	0,000	0,000	0,000
49,569	0,000	0,000	0,000
50,721	0,000	0,000	0,000
50,047	0,000	0,000	0,000
48,062	0,000	0,000	0,000
47,865	0,000	0,000	0,000
47,659	0,000	0,000	0,000
46,985	0,000	0,000	0,000
46,835	0,000	0,000	0,000
48,699	0,000	0,000	0,000
49,345	0,000	0,000	0,000
49,279	0,000	0,000	0,000
48,333	0,000	0,000	0,000
50,009	0,000	0,000	0,000
50,094	0,000	0,000	0,000
50,674	0,000	0,000	0,000
49,494	0,000	0,000	0,000
49,476	0,000	0,000	0,000
49,429	0,000	0,000	0,000
49,092	0,000	0,000	0,000
49,373	0,000	0,000	0,000
47,622	0,000	0,000	0,000
50,328	0,000	0,000	0,000
50,337	0,000	0,000	0,000
48,511	0,000	0,000	0,000
48,530	0,000	0,000	0,000
47,706	0,000	0,000	0,000
48,558	0,000	0,000	0,000
48,549	0,000	0,000	0,000
46,180	0,000	0,000	0,000
45,524	0,000	0,000	0,000
43,146	0,000	0,000	0,000
41,770	0,000	0,000	0,000
41,713	0,000	0,000	0,000
43,062	0,000	0,000	0,000
42,940	0,000	0,000	0,000
44,672	0,000	0,000	0,000
43,680	0,000	0,000	0,000
43,567	0,000	0,000	0,000
42,725	0,000	0,000	0,000
41,395	0,000	0,000	0,000
44,064	0,000	0,000	0,000
44,148	0,000	0,000	0,000
44,017	0,000	0,000	0,000
44,972	0,000	0,000	0,000
44,888	0,000	0,000	0,000
47,603	0,000	0,000	0,000
47,837	0,000	0,000	0,000
47,949	0,009	0,000	0,009
48,502	0,009	0,000	0,009
48,633	0,009	0,000	0,009
48,539	0,009	0,000	0,009
45,946	0,009	0,000	0,009
48,230	0,009	0,000	0,009
49,026	0,009	0,000	0,009
50,215	0,009	0,000	0,009
48,830	0,009	0,000	0,009
49,110	0,009	0,000	0,009
49,869	0,009	0,000	0,009
51,798	0,009	0,000	0,009
51,929	0,009	0,000	0,009
51,976	0,009	0,000	0,009
49,120	0,009	0,000	0,009
49,204	0,000	0,000	0,000
49,831	0,000	0,000	0,000
49,541	0,000	0,000	0,000
48,867	0,000	0,000	0,000
51,732	0,000	0,000	0,000
48,755	0,000	0,000	0,000
48,455	0,000	0,000	0,000
47,013	0,000	0,000	0,000
46,695	0,000	0,000	0,000
44,869	0,000	0,000	0,000
44,157	0,000	0,000	0,000
43,427	0,000	0,000	0,000
43,446	0,000	0,000	0,000
40,056	0,000	0,000	0,000
42,753	0,000	0,000	0,000
39,345	0,000	0,000	0,000
35,309	0,000	0,000	0,000
35,993	0,000	0,000	0,000
33,418	0,000	0,000	0,000
34,345	0,000	0,000	0,000
36,423	0,000	0,000	0,000
36,704	0,000	0,000	0,000
37,247	0,000	0,000	0,000
37,753	0,000	0,000	0,000
39,298	0,000	0,000	0,000
39,251	0,000	0,000	0,000
38,596	0,000	0,000	0,000
38,614	0,000	0,000	0,000
39,242	0,000	0,000	0,000
40,478	0,000	0,000	0,000
43,015	0,000	0,000	0,000
45,103	0,000	0,000	0,000
44,747	0,000	0,000	0,000
46,966	0,000	0,000	0,000
46,227	0,000	0,000	0,000
43,577	0,000	0,000	0,000
41,311	0,000	0,000	0,000
41,816	0,000	0,000	0,000
41,049	0,000	0,000	0,000
41,021	0,000	0,000	0,000
43,268	0,000	0,000	0,000
43,989	0,000	0,000	0,000
43,979	0,000	0,000	0,000
46,620	0,000	0,000	0,000
45,702	0,000	0,000	0,000
45,581	0,000	0,000	0,000
46,929	0,000	0,000	0,000
46,910	0,000	0,000	0,000
45,861	0,000	0,000	0,000
45,599	0,000	0,000	0,000
46,180	0,000	0,000	0,000
48,174	0,000	0,000	0,000
48,567	0,000	0,000	0,000
48,764	0,000	0,000	0,000
49,176	0,000	0,000	0,000
47,519	0,000	0,000	0,000
47,406	0,000	0,000	0,000
46,845	0,000	0,000	0,000
46,732	0,000	0,000	0,000
46,170	0,000	0,000	0,000
48,764	0,000	0,000	0,000
47,753	0,000	0,000	0,000
47,453	0,000	0,000	0,000
49,560	0,000	0,000	0,000
49,026	0,000	0,000	0,000
49,307	0,000	0,000	0,000
49,663	0,000	0,000	0,000
48,474	0,000	0,000	0,000
49,110	0,000	0,000	0,000
49,279	0,000	0,000	0,000
47,172	0,000	0,000	0,000
47,378	0,009	0,000	0,009
47,903	0,009	0,000	0,009
48,418	0,009	0,000	0,009
49,485	0,009	0,000	0,009
47,800	0,009	0,000	0,009
47,612	0,009	0,000	0,009
47,594	0,009	0,000	0,009
47,987	0,009	0,000	0,009
47,893	0,009	0,000	0,009
48,090	0,009	0,000	0,009
48,090	0,009	0,000	0,009
47,013	0,009	0,000	0,009
46,339	0,009	0,000	0,009
45,908	0,009	0,000	0,009
47,491	0,009	0,000	0,009
48,315	0,000	0,000	0,000
48,361	0,000	0,000	0,000
47,987	0,000	0,000	0,000
47,041	0,000	0,000	0,000
47,069	0,000	0,000	0,000
46,601	1,938	0,000	1,938
45,253	3,876	0,000	3,876
41,807	4,120	2,041	4,120
40,421	5,478	2,041	5,478
38,586	6,835	2,041	6,835
37,004	8,717	2,041	8,717
37,837	10,599	2,041	10,599
34,494	10,599	5,590	10,599
32,640	12,257	5,590	12,257
32,603	15,655	7,500	15,655
31,180	18,333	7,500	18,333
30,646	21,011	7,500	21,011
30,206	23,689	7,500	23,689
30,094	23,764	7,500	23,764
31,629	23,764	7,500	23,764
33,146	25,309	7,500	25,309
32,931	25,019	7,500	7,500
35,758	24,775	5,459	5,459
36,976	23,418	5,459	5,459
40,412	22,060	5,459	5,459
42,500	20,178	5,459	5,459
43,137	18,296	5,459	5,459
46,929	18,305	1,910	1,910
48,745	16,648	1,910	1,910
47,931	13,249	0,000	0,000
48,240	10,581	0,000	0,000
48,717	7,921	0,000	0,000
47,865	5,243	0,000	0,000
47,978	5,169	0,000	0,000
46,358	5,169	0,000	0,000
45,075	1,685	0,000	0,000
46,779	0,037	0,000	0,000
47,013	0,037	0,000	0,000
47,210	0,037	0,000	0,000
45,899	0,037	0,000	0,000
45,890	0,037	0,000	0,000
46,873	0,037	0,000	0,037
43,848	0,028	0,000	0,028
42,509	0,028	0,000	0,028
43,249	0,047	0,000	0,047
43,455	0,037	0,000	0,037
43,464	0,019	0,000	0,019
44,953	0,019	0,000	0,019
45,243	0,019	0,000	0,019
47,247	0,019	0,000	0,019
48,062	0,037	0,000	0,037
47,669	0,037	0,000	0,037
47,687	0,047	0,000	0,047
47,228	0,047	0,000	0,047
47,285	0,047	0,000	0,047
44,110	0,047	0,000	0,047
44,007	0,047	0,000	0,047
45,777	0,047	0,000	0,047
46,994	0,047	0,000	0,047
48,886	0,028	0,000	0,028
48,680	0,028	0,000	0,028
48,792	0,028	0,000	0,028
49,466	0,028	0,000	0,028
49,017	0,028	0,000	0,028
47,434	0,028	0,000	0,028
46,704	0,009	0,000	0,009
46,695	0,009	0,000	0,009
46,704	0,000	0,000	0,000
48,006	0,000	0,000	0,000
49,204	0,000	0,000	0,000
53,024	0,000	0,000	0,000
52,931	0,000	0,000	0,000
53,989	0,019	0,000	0,019
51,489	0,019	0,000	0,019
50,375	0,019	0,000	0,019
50,609	0,084	0,000	0,084
48,043	0,084	0,000	0,084
45,927	0,084	0,000	0,084
44,700	0,084	0,000	0,084
43,820	0,084	0,000	0,084
45,066	0,084	0,000	0,084
44,476	0,084	0,000	0,084
45,618	0,084	0,000	0,084
45,590	0,131	0,000	0,131
44,654	0,131	0,000	0,131
42,425	0,131	0,000	0,131
42,406	0,131	0,000	0,131
42,182	0,112	0,000	0,112
46,039	0,112	0,000	0,112
45,309	0,112	0,000	0,112
45,702	0,047	0,000	0,047
49,382	0,047	0,000	0,047
50,243	0,047	0,000	0,047
51,423	0,047	0,000	0,047
52,013	0,047	0,000	0,047
51,957	0,047	0,000	0,047
52,931	0,047	0,000	0,047
52,257	0,047	0,000	0,047
51,067	0,000	0,000	0,000
50,721	0,019	0,000	0,019
51,732	0,037	0,000	0,037
51,049	0,037	0,000	0,037
50,721	4,270	0,000	4,270
49,232	4,270	0,000	4,270
48,830	4,270	0,000	4,270
48,006	4,270	0,000	4,270
48,904	4,270	0,000	4,270
48,427	4,270	0,000	4,270
49,054	4,270	0,000	4,270
49,110	4,270	0,000	4,270
48,521	4,270	0,000	4,270
50,272	4,270	0,000	4,270
50,524	4,270	0,000	4,270
51,292	4,270	0,000	4,270
51,283	4,251	0,000	4,251
51,713	4,232	0,000	4,232
53,155	4,232	0,000	4,232
53,699	0,000	0,000	0,000
53,670	0,000	0,000	0,000
54,120	0,000	0,000	0,000
51,498	0,000	0,000	0,000
46,245	0,000	0,000	0,000
45,365	0,000	0,000	0,000
44,466	0,000	0,000	0,000
44,204	0,019	0,000	0,019
42,257	0,019	0,000	0,019
40,843	0,019	0,000	0,019
38,193	1,311	0,000	1,311
38,614	1,311	0,000	1,311
38,670	1,311	0,000	1,311
38,062	1,311	0,000	1,311
34,007	1,311	0,000	1,311
32,781	1,311	0,000	1,311
33,006	1,311	0,000	1,311
33,305	1,311	0,000	1,311
37,697	1,311	0,000	1,311
42,013	1,311	0,000	1,311
43,689	1,311	0,000	1,311
44,101	1,311	0,000	1,311
44,120	1,292	0,000	1,292
46,620	4,738	2,182	4,738
46,283	8,184	3,006	8,184
48,137	10,337	3,006	10,337
48,193	13,998	3,006	13,998
47,875	14,017	3,006	14,017
48,539	14,017	3,006	14,017
51,919	14,036	3,006	14,036
52,949	14,204	3,006	14,204
53,109	17,360	3,006	17,360
53,024	20,515	5,187	20,515
51,695	23,820	5,187	23,820
50,515	27,097	5,187	27,097
48,699	28,493	5,187	5,187
46,816	29,888	8,483	8,483
45,496	31,891	11,648	11,648
44,148	30,449	9,466	9,466
42,800	29,007	8,642	8,642
41,451	27,566	8,642	8,642
38,127	24,242	8,689	8,689
36,058	25,215	8,867	8,867
33,165	26,208	12,191	12,191
29,785	26,189	12,884	12,884
26,395	26,021	13,577	13,577
22,865	22,875	14,270	14,270
19,335	19,719	15,403	15,403
16,536	17,069	18,717	18,717
13,792	14,448	19,476	19,476
12,378	13,052	19,625	19,625
10,964	11,657	17,996	17,996
9,073	9,654	14,831	14,831
7,182	7,650	14,831	14,831
5,290	5,646	14,831	14,831
3,399	3,642	16,910	16,910
3,895	3,989	18,942	18,942
2,903	2,996	20,843	20,843
1,910	2,004	17,519	17,519
1,910	2,004	16,826	16,826
3,427	3,418	16,133	16,133
4,944	4,822	15,440	15,440
7,650	7,397	12,125	7,397
7,959	7,640	8,811	7,640
10,702	10,300	8,052	10,300
14,054	13,614	7,903	13,614
15,019	14,597	8,493	14,597
15,019	14,597	10,749	14,597
15,019	14,597	11,564	14,597
15,019	14,597	14,944	14,597
15,019	14,597	16,245	14,597
14,878	14,457	14,944	14,457
15,431	15,000	13,642	15,000
15,983	15,543	14,419	15,543
17,846	17,528	17,837	17,837
18,193	18,099	21,255	21,255
16,676	16,685	22,453	22,453
13,970	14,110	23,652	23,652
13,652	13,839	24,850	24,850
10,899	11,152	25,665	25,665
8,146	8,464	26,479	26,479
9,682	9,934	24,232	24,232
12,182	12,388	21,976	21,976
15,478	12,388	21,161	21,161
18,933	12,397	17,781	17,781
21,882	12,397	14,401	14,401
24,410	11,854	13,624	13,624
27,228	11,311	12,846	12,846
30,056	10,768	12,069	12,069
32,519	8,783	8,652	8,652
34,157	6,798	5,234	5,234
36,929	6,798	4,036	4,036
40,721	6,798	2,837	2,837
42,210	6,180	1,657	1,657
43,268	5,552	0,843	0,843
44,822	4,925	0,028	0,028
43,867	2,472	0,019	0,019
44,504	0,019	0,019	0,019
44,551	0,019	0,019	0,019
44,597	0,009	0,019	0,009
44,476	0,009	0,019	0,009
44,682	0,009	0,019	0,009
44,532	0,009	0,019	0,009
43,624	0,009	0,019	0,009
42,547	0,009	0,019	0,009
42,350	0,009	0,019	0,009
43,165	0,009	0,019	0,009
43,062	0,009	0,019	0,009
43,249	0,000	0,000	0,000
45,122	0,000	0,000	0,000
46,217	2,275	0,000	2,275
47,846	2,303	0,000	2,303
48,287	2,313	0,000	2,313
48,137	2,360	0,000	2,360
47,182	5,056	0,000	5,056
46,901	7,753	0,000	7,753
46,161	10,449	3,624	10,449
45,487	13,146	7,247	13,146
46,376	16,489	7,247	16,489
45,908	19,316	7,247	19,316
46,161	19,316	7,247	19,316
46,133	19,316	7,247	19,316
45,721	22,575	7,247	22,575
46,723	25,833	7,247	25,833
45,478	28,155	7,247	28,155
45,346	29,195	7,247	29,195
45,618	32,463	7,247	7,247
43,418	33,699	7,247	7,247
41,601	34,897	7,247	7,247
42,556	32,266	7,247	7,247
43,549	33,174	7,247	7,247
44,148	30,562	3,624	3,624
44,747	27,949	0,000	0,000
44,532	24,691	0,000	0,000
42,912	22,987	0,000	0,000
41,489	25,169	3,483	3,483
40,066	27,350	3,483	3,483
38,577	26,011	6,770	6,770
38,727	22,790	6,770	6,770
39,953	23,783	6,770	6,770
40,346	23,783	6,788	6,788
39,476	22,987	6,788	6,788
40,674	24,242	6,788	6,788
40,964	24,663	6,788	6,788
39,129	26,264	6,788	6,788
37,257	24,326	10,047	10,047
35,412	25,468	10,056	10,056
34,017	27,228	10,056	10,056
32,622	28,989	10,056	10,056
33,212	29,710	10,056	10,056
32,828	29,373	6,573	6,573
32,678	29,185	6,573	6,573
32,079	28,624	3,296	3,296
31,910	31,994	3,296	3,296
30,262	30,646	5,468	5,468
27,584	28,146	5,449	5,449
25,843	26,461	5,449	5,449
25,356	25,983	5,449	5,449
25,777	26,339	5,449	5,449
27,481	28,006	5,449	5,449
29,270	29,522	2,191	2,191
31,423	31,479	2,219	2,219
33,127	32,818	2,219	2,219
34,850	34,260	2,219	2,219
35,178	34,625	4,494	4,494
35,646	34,944	4,494	4,494
35,880	35,112	4,532	4,532
38,081	37,219	4,522	4,522
38,212	37,275	6,723	6,723
37,219	36,245	4,551	4,551
37,257	36,367	4,551	4,551
38,502	37,584	4,551	4,551
38,390	37,500	6,788	6,788
39,213	38,380	6,788	6,788
38,081	37,135	6,788	6,788
37,322	36,948	6,788	6,788
36,564	36,760	6,751	6,751
35,805	36,573	6,751	6,751
35,028	36,283	6,751	6,751
35,646	37,069	6,507	6,507
34,710	35,955	8,876	8,876
34,307	35,590	11,208	11,208
32,734	33,923	14,448	14,448
31,976	32,912	12,247	12,247
31,760	32,781	12,247	12,247
31,545	32,650	12,247	12,247
30,899	32,163	12,247	12,247
30,356	31,770	10,009	10,009
29,129	30,365	10,009	10,009
28,577	29,775	12,097	12,097
27,537	28,624	15,243	15,243
27,060	27,800	15,243	15,243
26,582	26,976	15,243	15,243
25,861	25,899	17,378	17,378
26,283	26,170	18,624	18,624
28,118	28,390	16,255	16,255
27,313	27,809	13,895	13,895
26,507	27,228	10,655	10,655
25,066	25,815	10,693	10,693
25,833	26,423	10,693	10,693
26,601	27,032	10,693	10,693
28,549	28,914	10,693	10,693
28,024	28,305	10,693	10,693
27,247	27,743	10,693	10,693
28,324	29,026	8,605	8,605
30,084	30,412	5,459	5,459
30,206	30,478	5,459	5,459
30,328	30,543	5,459	5,459
29,766	30,150	3,324	3,324
28,062	28,408	0,047	0,047
26,442	26,601	0,047	0,047
26,929	26,845	0,037	0,037
27,416	27,088	0,037	0,037
27,725	27,509	1,676	1,676
29,700	29,335	3,352	3,352
30,346	30,075	3,352	3,352
30,037	29,794	3,352	3,352
30,515	30,094	3,352	3,352
30,993	30,393	5,459	5,459
29,616	28,848	7,566	7,566
28,184	27,622	10,787	10,787
27,828	27,388	14,007	14,007
27,472	27,154	14,026	14,026
29,513	29,110	14,026	14,026
31,554	31,067	17,378	17,378
33,511	33,090	17,378	17,378
35,421	34,822	17,378	17,378
37,331	36,554	17,378	17,378
38,951	38,277	17,949	17,949
35,871	35,384	18,521	18,521
35,796	35,431	20,702	20,702
33,418	33,155	21,442	21,442
32,032	31,919	21,667	21,667
30,993	31,105	20,393	20,393
29,953	30,290	18,287	18,287
28,315	28,708	15,066	15,066
26,330	26,704	12,537	12,537
24,663	25,047	13,212	13,212
21,526	21,910	15,524	15,524
18,390	18,773	14,485	14,485
15,253	15,637	14,485	14,485
12,163	12,790	14,485	14,485
9,073	9,944	14,485	14,485
9,476	10,066	12,238	12,238
11,236	11,929	9,991	9,991
12,406	12,865	7,809	7,809
11,713	11,994	7,247	7,247
11,713	11,994	7,041	7,041
12,041	12,294	6,227	6,227
12,369	12,594	6,227	6,227
13,923	14,204	8,287	8,287
15,824	16,236	7,594	7,594
17,406	17,921	10,281	10,281
18,989	19,607	7,968	7,968
20,571	21,292	5,655	5,655
22,154	22,978	5,655	5,655
23,736	24,663	5,655	5,655
25,318	26,348	6,170	6,170
23,858	24,944	8,165	8,165
25,084	26,189	8,165	8,165
25,328	23,052	8,165	8,165
28,670	23,052	7,987	7,987
32,228	23,052	7,968	7,968
35,112	22,331	7,949	7,949
36,096	23,127	7,949	7,949
37,594	21,096	5,890	5,890
40,281	19,064	5,890	5,890
41,788	23,539	2,509	2,509
43,343	21,507	2,509	2,509
44,869	19,476	2,509	2,509
45,234	17,444	2,509	2,509
46,077	15,412	2,509	2,509
46,358	13,380	1,994	1,994
47,612	11,479	0,000	0,000
47,032	8,024	0,000	0,000
43,773	8,024	0,000	0,000
41,882	8,024	0,000	0,000
43,483	8,024	0,000	0,000
43,258	8,024	0,000	0,000
45,000	6,507	0,000	0,000
44,682	6,507	0,000	0,000
42,622	6,507	0,000	0,000
43,024	0,000	0,000	0,000
42,903	0,000	0,000	0,000
44,513	0,000	0,000	0,000
45,562	6,021	0,000	6,021
46,142	6,021	0,000	6,021
47,257	6,021	0,000	6,021
46,105	6,021	0,000	6,021
46,442	6,030	0,000	6,030
47,060	6,030	0,000	6,030
45,609	6,030	0,000	6,030
44,813	6,030	0,000	6,030
44,794	6,030	0,000	6,030
41,395	6,030	0,000	6,030
38,315	6,030	0,000	6,030
35,964	6,030	0,000	6,030
35,571	6,030	0,000	6,030
35,590	6,030	0,000	6,030
33,904	6,030	0,000	6,030
30,590	0,009	0,000	0,009
30,515	0,009	0,000	0,009
30,562	0,009	0,000	0,009
31,770	0,009	0,000	0,009
32,032	0,000	0,000	0,000
34,588	0,000	0,000	0,000
36,910	0,000	0,000	0,000
34,551	0,000	0,000	0,000
34,438	0,000	0,000	0,000
38,455	0,000	0,000	0,000
41,788	0,000	0,000	0,000
45,309	0,000	0,000	0,000
45,028	0,000	0,000	0,000
44,963	0,000	0,000	0,000
45,103	0,000	0,000	0,000
48,258	0,000	0,000	0,000
48,352	0,000	0,000	0,000
45,590	0,000	0,000	0,000
45,552	0,000	0,000	0,000
44,157	0,000	0,000	0,000
40,833	0,000	0,000	0,000
41,826	0,000	0,000	0,000
40,084	0,000	0,000	0,000
40,187	0,000	0,000	0,000
39,410	0,000	0,000	0,000
37,135	0,000	0,000	0,000
34,345	0,000	0,000	0,000
31,676	0,000	0,000	0,000
31,751	0,000	0,000	0,000
31,629	0,000	0,000	0,000
32,303	0,000	0,000	0,000
32,191	0,000	0,000	0,000
34,925	0,000	0,000	0,000
32,022	0,000	0,000	0,000
33,586	0,000	0,028	0,000
33,764	0,159	0,056	0,159
30,449	0,159	0,056	0,159
33,530	0,159	0,056	0,159
30,908	0,159	0,056	0,159
31,760	0,159	0,056	0,159
35,908	0,159	0,056	0,159
35,964	1,142	3,296	1,142
39,466	1,142	3,296	1,142
36,105	1,142	3,296	1,142
32,734	1,142	3,296	1,142
28,904	1,142	3,296	1,142
29,092	1,142	3,296	1,142
29,195	1,142	3,296	1,142
28,783	1,142	3,296	1,142
28,661	1,142	3,268	1,142
31,891	0,983	3,240	0,983
35,356	0,983	3,240	0,983
36,236	0,983	3,240	0,983
38,052	0,983	3,240	0,983
37,266	0,983	3,240	0,983
35,515	0,983	3,240	0,983
39,326	0,000	0,000	0,000
38,904	0,000	0,000	0,000
42,846	0,000	0,000	0,000
43,118	0,000	0,000	0,000
47,257	0,000	0,000	0,000
44,148	0,309	0,768	0,309
43,979	0,309	0,768	0,309
47,266	0,309	0,768	0,309
47,275	0,309	0,768	0,309
47,968	0,309	0,768	0,309
45,468	1,292	1,751	1,292
45,412	1,292	1,751	1,292
46,301	1,292	1,751	1,292
46,330	1,292	1,751	1,292
46,199	1,292	1,751	1,292
44,513	1,292	1,751	1,292
45,309	1,292	1,751	1,292
41,742	1,292	1,751	1,292
44,822	1,292	1,751	1,292
44,663	1,292	1,751	1,292
47,041	0,983	0,983	0,983
46,929	0,983	0,983	0,983
46,929	0,983	0,983	0,983
48,258	0,983	0,983	0,983
47,425	0,983	0,983	0,983
47,697	0,000	0,000	0,000
46,414	0,000	0,000	0,000
45,871	0,000	0,000	0,000
45,318	0,000	0,000	0,000
46,423	0,000	0,000	0,000
46,498	0,000	0,000	0,000
44,934	0,000	0,000	0,000
48,436	0,000	0,000	0,000
47,725	0,000	0,000	0,000
46,208	0,000	0,000	0,000
47,612	0,000	0,000	0,000
47,846	0,000	0,000	0,000
48,034	0,000	0,000	0,000
47,809	0,000	0,000	0,000
44,541	0,000	0,000	0,000
46,554	0,000	0,000	0,000
45,927	0,000	0,000	0,000
46,255	0,000	0,000	0,000
46,704	0,000	0,000	0,000
46,742	0,000	0,000	0,000
47,116	0,000	0,000	0,000
44,541	0,000	0,000	0,000
44,054	0,000	0,000	0,000
44,747	0,000	0,000	0,000
45,552	0,000	0,000	0,000
44,747	0,000	0,000	0,000
44,747	0,000	0,000	0,000
43,858	0,000	0,000	0,000
42,425	0,000	0,000	0,000
45,749	0,000	0,000	0,000
45,768	0,000	0,000	0,000
47,107	0,000	0,000	0,000
46,105	0,000	0,000	0,000
43,015	0,000	0,000	0,000
38,689	0,000	0,159	0,000
38,577	0,000	0,159	0,000
41,536	0,000	0,159	0,000
40,300	0,000	0,159	0,000
40,534	0,000	0,159	0,000
37,266	0,000	0,159	0,000
37,088	0,000	0,159	0,000
37,051	0,000	0,159	0,000
38,268	0,000	0,159	0,000
37,257	0,000	0,159	0,000
37,584	0,000	0,159	0,000
37,650	0,000	0,159	0,000
36,292	0,000	0,159	0,000
37,622	0,000	0,159	0,000
42,537	0,000	0,159	0,000
47,360	0,000	0,000	0,000
46,367	0,000	0,000	0,000
43,202	0,000	0,000	0,000
45,552	0,000	0,000	0,000
45,253	0,000	0,000	0,000
45,253	0,000	0,000	0,000
42,144	0,000	0,000	0,000
38,811	0,000	0,000	0,000
34,991	0,000	0,000	0,000
32,949	0,000	0,000	0,000
29,298	0,000	0,000	0,000
25,964	0,000	0,000	0,000
23,727	0,000	0,000	0,000
20,225	0,000	0,000	0,000
15,787	0,674	0,983	0,674
10,824	0,674	0,983	0,674
8,390	0,674	0,983	0,674
8,390	0,674	0,983	0,674
3,886	0,674	0,983	0,674
0,618	0,674	0,983	0,674
0,618	0,674	0,983	0,674
0,618	0,674	0,983	0,674
0,618	0,674	0,983	0,674
0,618	0,674	0,983	0,674
0,618	0,674	0,983	0,674
0,618	0,674	0,983	0,674
0,618	0,674	0,983	0,674
0,618	0,674	0,983	0,674
0,618	0,674	0,983	0,674
0,515	0,562	0,768	0,562
0,515	0,562	0,768	0,562
0,515	0,562	0,768	0,562
0,515	0,562	0,768	0,562
0,515	0,562	3,792	0,562
0,515	0,562	3,792	0,562
0,515	0,562	3,792	0,562
0,515	0,562	3,792	0,562
0,515	0,562	3,792	0,562
0,515	0,562	3,792	0,562
0,515	0,562	3,792	0,562
0,515	0,562	3,792	0,562
0,515	0,562	3,792	0,562
0,515	0,562	3,792	0,562
0,515	0,562	3,792	0,562
0,000	0,000	3,024	0,000
0,000	0,000	3,024	0,000
0,000	0,000	3,024	0,000
0,740	0,000	3,024	0,000
4,045	0,000	0,000	0,000
4,045	0,000	0,000	0,000
4,242	0,000	0,000	0,000
4,242	0,000	0,000	0,000
4,242	0,000	0,000	0,000
4,242	0,000	0,000	0,000
4,242	0,000	0,000	0,000
4,242	0,000	0,000	0,000
4,242	0,000	0,000	0,000
4,242	0,000	0,000	0,000
4,242	0,000	0,000	0,000
4,242	0,000	0,000	0,000
4,242	0,000	0,000	0,000
4,242	0,000	0,000	0,000
3,502	0,000	0,000	0,000
0,197	0,000	0,000	0,000
0,197	0,000	0,000	0,000
0,000	0,000	0,000	0,000
0,000	0,000	0,000	0,000
0,000	0,000	0,000	0,000
0,000	0,000	0,000	0,000
0,000	0,000	0,000	0,000
0,000	0,000	0,000	0,000
0,000	0,000	0,000	0,000
0,000	0,000	0,000	0,000
0,000	0,000	0,000	0,000
0,000	0,000	0,000	0,000
0,000	0,000	0,000	0,000
0,000	0,000	0,000	0,000
0,000	0,000	0,000	0,000
0,000	0,000	0,000	0,000
0,000	0,000	0,000	0,000
0,000	0,000	0,000	0,000
0,000	0,000	0,000	0,000
0,000	0,000	0,000	0,000
0,000	0,000	0,000	0,000
0,000	0,000	0,000	0,000
0,000	0,000	0,000	0,000
0,000	0,000	0,000	0,000
0,000	0,000	0,000	0,000
0,000	0,000	0,000	0,000
0,000	0,000	0,000	0,000
0,000	0,000	0,000	0,000
0,000	0,000	0,000	0,000
0,000	0,000	0,000	0,000
0,000	0,000	0,000	0,000
0,000	0,000	0,000	0,000
0,000	0,000	0,000	0,000
0,000	0,000	0,000	0,000
0,000	0,000	0,000	0,000
0,000	0,000	0,000	0,000
0,000	0,000	0,000	0,000
0,000	0,000	0,000	0,000
0,000	0,000	0,000	0,000
0,000	0,000	0,000	0,000
2,022	0,000	0,000	0,000
5,215	0,000	0,000	0,000
8,118	0,000	0,000	0,000
9,654	0,000	0,000	0,000
9,654	0,000	0,000	0,000
9,654	0,000	0,000	0,000
14,326	0,000	0,000	0,000
14,326	0,000	0,000	0,000
14,326	0,000	0,000	0,000
14,326	0,000	0,000	0,000
16,966	0,000	0,000	0,000
20,375	0,000	0,000	0,000
20,459	0,000	0,000	0,000
20,459	0,000	0,000	0,000
20,459	0,000	0,000	0,000
18,436	0,000	0,000	0,000
15,243	0,000	0,000	0,000
12,341	0,000	0,000	0,000
10,805	0,000	0,000	0,000
10,805	0,000	0,000	0,000
10,805	0,000	0,000	0,000
6,133	0,000	0,000	0,000
6,133	0,000	0,000	0,000
6,133	0,000	0,000	0,000
6,133	0,000	0,000	0,000
3,493	0,000	0,000	0,000
0,084	0,000	0,000	0,000
0,000	0,000	0,000	0,000
0,000	0,000	0,000	0,000
0,000	0,000	0,000	0,000
0,000	0,000	0,000	0,000
0,000	0,000	0,000	0,000
0,000	0,000	0,000	0,000
0,000	0,000	0,000	0,000
0,000	0,000	0,000	0,000
0,000	0,000	0,000	0,000
0,000	0,000	0,000	0,000
0,009	0,000	0,000	0,000
0,009	0,000	0,000	0,000
0,009	0,000	0,000	0,000
0,009	0,000	0,000	0,000
0,009	0,000	0,000	0,000
0,009	0,000	0,000	0,000
0,009	0,000	0,000	0,000
0,009	0,000	0,000	0,000
0,824	0,861	0,983	0,861
0,824	0,861	0,983	0,861
0,824	0,861	0,983	0,861
0,824	0,861	0,983	0,861
0,824	0,861	0,983	0,861
0,824	0,861	0,983	0,861
0,824	0,861	0,983	0,861
0,815	0,861	0,983	0,861
0,815	0,861	0,983	0,861
0,815	0,861	0,983	0,861
0,815	0,861	0,983	0,861
0,815	0,861	0,983	0,861
0,815	0,861	0,983	0,861
1,629	1,723	1,966	1,723
1,629	1,723	1,966	1,723
0,815	0,861	0,983	0,861
0,815	0,861	0,983	0,861
0,815	0,861	0,983	0,861
0,815	0,861	0,983	0,861
0,815	0,861	0,983	0,861
0,815	0,861	0,983	0,861
0,815	0,861	0,983	0,861
0,815	0,861	0,983	0,861
0,815	0,861	0,983	0,861
0,815	0,861	0,983	0,861
0,824	0,861	0,983	0,861
0,824	0,861	0,983	0,861
0,824	0,861	0,983	0,861
0,009	0,000	0,000	0,000
0,009	0,000	0,000	0,000
0,009	0,000	0,000	0,000
0,009	0,000	0,000	0,000
0,009	0,000	0,000	0,000
0,009	0,000	0,000	0,000
0,009	0,000	0,000	0,000
0,009	0,000	0,000	0,000
0,009	0,000	0,000	0,000
3,352	0,000	0,000	0,000
3,352	0,000	0,000	0,000
3,352	0,000	0,000	0,000
3,343	0,000	0,000	0,000
3,343	0,000	0,000	0,000
3,343	0,000	0,000	0,000
3,343	0,000	0,000	0,000
3,343	0,000	0,000	0,000
3,343	0,000	0,000	0,000
3,343	0,000	0,000	0,000
3,361	0,000	0,000	0,000
3,361	0,000	0,000	0,000
3,361	0,000	0,000	0,000
3,446	0,000	0,000	0,000
3,464	0,000	0,000	0,000
0,122	0,000	0,655	0,000
0,122	0,000	0,655	0,000
0,122	0,000	0,655	0,000
0,122	0,000	0,655	0,000
0,122	0,000	0,655	0,000
0,122	0,000	1,639	0,000
0,122	0,000	1,639	0,000
0,122	0,000	1,639	0,000
0,131	0,000	1,639	0,000
0,131	0,000	1,639	0,000
0,112	0,000	1,639	0,000
0,112	0,000	1,639	0,000
0,112	0,000	1,639	0,000
0,028	0,000	1,639	0,000
0,009	0,000	1,639	0,000
0,009	0,000	0,983	0,000
0,524	0,562	1,545	0,562
0,524	0,562	1,545	0,562
0,524	0,562	1,545	0,562
0,524	0,562	1,545	0,562
0,524	0,562	0,562	0,562
0,524	0,562	0,562	0,562
0,833	0,871	1,545	0,871
0,824	0,871	1,545	0,871
0,824	0,871	1,545	0,871
0,824	0,871	1,545	0,871
1,227	1,292	1,966	1,292
1,227	1,292	1,966	1,292
1,227	1,292	1,966	1,292
1,629	1,713	2,388	1,713
1,657	1,713	2,388	1,713
1,142	1,152	1,826	1,152
1,142	1,152	1,826	1,152
1,142	1,152	1,826	1,152
1,142	1,152	2,809	1,152
1,142	1,152	2,809	1,152
1,142	1,152	2,809	1,152
0,833	0,843	1,826	0,843
0,833	0,843	1,826	0,843
0,833	0,843	1,826	0,843
0,833	0,843	1,826	0,843
0,431	0,421	1,404	0,421
