0,000
0,000
0,000
0,000
0,000
0,000
0,000
0,000
0,000
0,000
0,000
0,000
0,000
0,000
0,000
0,000
0,000
5,487
5,487
5,487
5,487
5,487
5,487
5,487
5,487
5,487
5,487
5,487
5,487
5,487
5,487
5,487
0,000
0,000
0,000
0,000
0,000
0,000
0,000
0,000
0,000
0,000
0,000
0,000
0,000
0,000
0,000
0,000
0,000
0,000
0,000
0,000
0,000
0,000
0,000
0,000
0,000
0,000
0,000
0,000
0,000
0,000
0,000
0,000
0,000
0,000
0,000
0,000
0,000
0,000
0,000
0,000
0,000
0,000
0,000
0,000
0,000
0,000
0,000
0,000
0,000
0,000
0,000
0,000
0,000
0,000
0,000
0,000
0,000
0,000
0,000
0,000
0,000
2,828
2,828
2,828
2,828
2,828
2,828
2,828
2,828
2,828
2,828
2,828
2,828
2,828
3,904
3,904
1,077
1,077
1,077
1,077
1,077
1,077
1,077
1,077
1,077
1,077
1,077
1,077
1,077
0,000
0,000
0,000
0,000
0,000
0,000
0,000
0,000
0,000
0,000
0,000
0,000
0,000
0,000
0,000
0,000
0,000
0,000
0,000
0,000
0,000
0,000
0,000
0,000
0,000
0,000
0,000
0,000
0,000
0,000
0,000
0,000
0,000
0,000
0,000
0,000
0,000
0,000
0,000
0,000
0,637
2,444
5,833
6,096
7,912
11,217
11,676
11,910
11,919
15,131
16,648
16,648
17,444
17,472
17,472
22,875
21,096
17,706
18,493
16,685
13,848
19,710
22,875
22,987
20,019
18,502
18,502
17,734
20,899
20,899
14,916
21,311
23,801
22,800
22,790
22,818
16,498
13,109
15,684
15,478
15,478
15,478
15,449
12,257
12,341
12,341
8,202
5,712
9,017
15,187
14,691
14,700
14,691
15,281
20,215
20,318
20,552
26,695
26,695
26,629
26,573
24,822
25,309
22,041
15,871
16,011
19,335
24,897
21,891
20,684
20,581
20,421
18,736
21,545
21,526
21,526
23,989
23,530
23,933
24,476
24,813
21,620
22,219
22,032
18,268
22,921
22,903
24,897
22,228
22,285
23,193
22,032
24,944
24,579
26,114
25,637
25,712
19,738
19,775
19,916
17,303
19,176
12,725
12,818
12,800
11,938
10,131
10,496
16,526
17,331
17,425
17,566
18,876
18,745
18,708
16,676
14,747
14,747
19,944
23,858
23,820
26,582
23,305
20,047
21,863
21,816
21,461
23,230
26,564
26,798
30,562
32,912
34,419
30,122
29,457
34,691
32,135
34,157
32,154
28,455
31,704
35,019
32,584
30,908
32,097
32,463
32,200
31,929
32,097
29,625
25,684
26,049
27,425
29,597
29,382
29,719
29,438
31,948
33,652
33,933
30,993
31,170
31,067
33,174
34,560
36,039
38,801
38,876
39,120
40,740
42,463
41,451
42,659
39,316
37,509
36,311
34,045
32,912
29,504
27,303
24,522
21,161
17,659
14,354
11,948
6,592
4,569
0,019
0,000
0,000
0,000
0,000
0,000
0,000
0,000
0,000
0,000
0,000
0,000
0,000
0,000
0,000
0,000
0,000
0,000
0,000
0,000
0,000
0,000
0,000
0,000
0,000
0,000
0,000
0,000
0,000
0,000
0,000
0,000
0,000
0,000
0,000
0,000
0,000
0,000
0,000
0,000
0,000
0,000
0,000
0,000
0,000
0,000
0,000
0,000
0,000
0,000
0,000
0,000
0,000
0,000
0,000
0,000
0,000
0,000
0,000
0,000
0,000
0,000
0,000
0,000
0,000
0,000
0,000
0,000
0,000
0,000
0,000
0,000
0,000
0,000
0,000
0,000
0,000
0,000
0,000
0,000
0,000
0,000
0,000
0,000
0,000
0,000
0,000
0,000
0,000
0,000
0,000
0,000
0,000
0,000
0,000
0,000
0,000
0,000
0,000
0,000
0,000
0,000
0,000
0,000
0,000
0,000
0,000
0,000
0,000
0,000
0,000
0,000
0,000
0,000
0,000
0,000
0,000
0,000
0,000
0,000
0,000
0,000
0,234
0,234
0,234
0,234
0,234
0,234
0,234
0,655
0,655
0,655
0,655
0,655
0,655
0,655
0,655
0,421
0,421
0,421
0,421
0,421
0,421
0,421
0,000
0,000
0,000
0,000
0,000
0,000
0,000
0,000
0,000
0,000
0,000
0,000
0,000
0,000
0,000
0,000
0,000
0,000
0,000
0,000
0,000
0,000
0,000
0,000
0,262
0,262
0,262
0,262
0,262
0,262
0,262
0,262
0,262
0,262
0,262
0,262
0,262
0,262
0,309
0,197
0,197
0,234
0,365
0,412
0,412
0,524
0,524
0,524
0,524
0,524
0,524
0,543
3,867
4,223
4,157
4,185
4,148
7,556
7,509
10,993
11,096
11,105
11,105
11,105
16,807
16,807
21,077
17,762
20,655
21,142
21,114
24,064
20,534
22,444
18,989
22,537
22,856
23,736
23,736
18,034
18,034
13,745
16,788
13,567
13,006
13,024
14,682
17,594
15,777
18,586
14,841
14,513
16,966
19,345
21,077
21,133
21,170
18,174
21,498
21,489
26,245
21,723
24,251
24,157
21,395
21,601
21,751
18,418
16,114
14,419
14,363
14,363
14,785
11,386
16,152
11,517
11,723
6,433
6,433
6,395
6,189
9,288
9,288
9,223
11,283
11,358
14,064
13,586
17,463
16,011
15,964
15,674
15,674
22,041
22,116
27,528
24,279
28,961
31,994
35,337
39,953
37,331
41,301
43,708
40,393
40,403
40,403
44,335
39,532
40,019
34,625
39,176
34,494
31,451
32,472
27,781
27,790
24,157
18,502
18,502
18,399
18,436
20,290
18,848
21,582
24,888
20,375
23,146
23,184
21,461
24,466
24,663
24,345
23,811
24,101
24,101
30,403
24,466
24,354
21,021
17,743
17,996
15,337
18,624
13,942
14,391
14,129
14,110
17,107
19,101
19,232
12,893
15,243
15,243
18,596
20,936
20,646
20,758
17,453
17,416
14,017
18,567
18,708
18,904
19,972
19,841
19,906
17,594
17,912
14,682
12,275
12,275
12,051
12,032
12,219
12,566
8,081
7,940
4,813
1,648
1,657
1,610
2,762
2,434
2,313
2,322
2,322
5,094
5,094
4,906
4,551
4,569
6,498
10,880
15,309
15,908
22,079
20,946
21,358
23,184
23,174
26,938
27,472
32,706
35,206
35,159
38,764
36,835
36,910
32,294
31,685
25,496
25,431
25,019
23,193
23,193
19,429
16,124
10,890
8,371
8,371
4,616
4,616
0,000
0,000
0,000
0,000
0,000
0,000
0,000
0,000
0,000
0,000
0,000
0,000
0,000
0,000
0,000
0,000
0,000
0,000
0,000
0,000
0,000
0,000
0,000
0,000
0,000
0,000
0,000
0,000
0,000
0,000
0,000
0,000
0,000
0,000
0,000
0,000
0,000
0,000
0,000
0,000
0,000
0,000
0,000
0,000
0,000
0,000
0,000
0,000
0,000
0,000
0,000
0,000
0,000
0,000
0,000
0,000
0,000
0,000
0,000
0,000
0,000
0,000
0,000
0,000
0,000
0,000
0,000
0,000
0,000
0,000
0,000
0,000
0,000
0,000
0,000
0,000
0,000
0,000
0,000
0,000
0,000
0,000
0,000
0,000
0,000
0,000
0,000
0,000
0,000
0,000
0,000
0,000
0,000
0,000
0,000
0,000
0,000
0,000
0,000
0,000
0,000
0,000
0,000
0,000
0,000
0,000
0,000
0,000
0,000
0,000
0,000
0,000
0,000
0,000
0,000
0,000
0,000
0,000
0,000
0,000
0,000
0,000
0,000
0,000
0,000
0,000
0,000
0,000
0,000
0,000
0,000
0,000
0,000
0,000
0,000
0,000
0,000
0,000
0,000
0,000
0,000
0,000
0,000
0,000
0,000
0,000
0,000
0,000
0,000
0,112
0,131
2,809
2,809
3,184
7,247
7,640
10,890
14,335
17,491
18,717
22,088
22,088
22,397
22,397
26,395
30,918
28,240
28,240
28,118
28,699
28,305
25,328
24,644
21,489
23,455
20,506
23,839
23,530
23,549
19,438
15,197
17,931
20,824
21,264
18,464
18,521
18,933
16,189
16,189
16,404
15,993
14,007
14,036
20,169
20,169
25,449
22,875
20,112
21,966
22,875
26,133
25,449
25,431
25,431
22,022
22,547
24,551
27,725
24,607
24,691
19,213
19,054
19,307
16,760
15,431
13,699
20,140
20,918
20,918
21,891
21,376
20,534
18,034
15,066
16,358
16,367
16,592
17,669
21,180
19,757
20,571
14,157
13,736
18,867
18,680
18,764
16,255
15,740
15,852
15,028
16,489
19,579
18,876
15,393
15,403
14,953
14,925
17,163
12,172
11,760
16,283
16,536
16,470
19,607
20,384
21,685
20,646
19,925
19,916
20,094
18,146
20,047
17,912
17,772
17,406
12,818
12,940
12,846
11,227
12,790
14,785
15,861
16,245
16,292
16,283
16,283
14,504
14,092
18,596
22,360
27,800
27,425
27,397
25,758
25,983
21,133
17,781
22,846
22,781
25,918
25,918
30,627
35,543
34,073
30,421
26,826
26,910
26,910
26,854
23,745
23,727
23,895
20,431
23,773
20,459
20,552
19,054
14,092
11,376
17,584
20,468
20,496
20,637
20,637
20,627
20,777
20,609
18,633
15,309
15,318
15,225
11,901
15,047
17,631
11,348
6,629
6,545
6,414
9,335
15,749
15,730
16,049
16,264
16,395
16,386
16,386
16,376
13,390
10,646
10,609
10,562
16,292
16,283
16,704
10,684
10,581
14,485
18,792
24,972
25,028
26,592
31,376
34,157
37,350
37,388
37,800
32,285
35,618
38,202
37,875
37,846
33,624
29,054
22,725
26,011
29,307
30,243
30,684
27,331
27,313
26,919
32,388
29,054
23,305
26,648
26,695
26,966
27,275
27,697
24,476
19,766
14,082
11,161
11,161
12,163
12,144
6,433
6,433
6,255
2,846
2,800
2,528
2,219
1,798
1,676
1,526
1,489
1,030
1,030
0,000
0,000
0,000
0,000
0,000
0,000
0,000
0,000
0,000
0,000
0,000
0,000
0,000
0,009
4,307
4,307
4,307
4,307
4,307
4,307
4,307
4,307
4,307
4,307
4,307
4,307
4,307
4,307
4,298
0,000
0,000
0,000
0,000
0,000
0,000
0,000
0,000
0,000
0,000
0,000
0,000
0,000
0,000
0,000
0,000
0,000
0,000
0,000
0,000
0,000
0,000
0,000
0,000
0,000
0,000
0,000
0,000
0,000
0,000
0,000
0,000
0,000
0,000
0,000
0,000
0,000
0,000
0,000
0,000
