0,515	0,562	0,983	0,562
0,562	0,562	0,983	0,562
0,562	0,562	0,983	0,562
0,562	0,562	0,983	0,562
0,964	0,983	1,966	0,983
0,964	0,983	1,966	0,983
0,964	0,983	2,388	0,983
0,964	0,983	2,388	0,983
0,964	0,983	2,388	0,983
0,964	0,983	2,388	0,983
0,964	0,983	2,388	0,983
0,964	0,983	2,388	0,983
0,964	0,983	2,388	0,983
0,964	0,983	2,388	0,983
0,964	0,983	2,388	0,983
0,449	0,421	1,404	0,421
0,805	0,843	1,826	0,843
0,805	0,843	1,826	0,843
0,805	0,843	1,826	0,843
0,403	0,421	0,843	0,421
0,805	0,843	1,826	0,843
1,208	1,264	2,388	1,264
1,208	1,264	2,388	1,264
1,208	1,264	2,388	1,264
1,517	1,573	2,697	1,573
1,517	1,573	2,697	1,573
1,517	1,573	2,697	1,573
1,517	1,573	2,697	1,573
1,517	1,573	2,697	1,573
1,517	1,573	2,697	1,573
1,517	1,573	4,335	1,573
1,114	1,152	3,914	1,152
1,114	1,152	3,914	1,152
1,423	1,461	4,897	1,461
1,423	1,461	4,897	1,461
1,021	1,039	3,914	1,039
0,618	0,618	2,931	0,618
0,618	0,618	2,931	0,618
0,618	0,618	2,931	0,618
0,309	0,309	2,622	0,309
3,708	0,309	2,622	0,309
4,345	0,309	2,622	0,309
7,800	0,309	2,622	0,309
11,170	0,309	2,622	0,309
11,170	0,309	2,622	0,309
11,170	0,309	0,983	0,309
11,170	0,309	0,983	0,309
11,170	0,309	0,983	0,309
10,861	0,000	0,000	0,000
14,878	0,000	0,000	0,000
16,199	0,000	0,000	0,000
19,728	0,000	0,000	0,000
21,863	0,000	0,000	0,000
21,863	0,000	0,000	0,000
22,678	0,861	0,861	0,861
19,279	0,861	0,861	0,861
18,642	0,861	0,861	0,861
15,187	0,861	0,861	0,861
11,816	0,861	0,861	0,861
11,816	0,861	0,861	0,861
11,816	0,861	0,861	0,861
11,816	0,861	0,861	0,861
11,816	0,861	0,861	0,861
17,144	0,861	0,861	0,861
18,455	0,861	0,861	0,861
22,809	0,861	0,861	0,861
22,650	0,890	0,890	0,890
22,753	0,890	0,890	0,890
24,944	0,890	0,890	0,890
27,594	0,028	0,028	0,028
29,616	0,028	0,028	0,028
30,702	1,236	0,084	1,236
30,702	1,236	0,084	1,236
34,007	1,236	0,084	1,236
37,519	1,236	0,084	1,236
37,519	1,236	0,084	1,236
37,519	1,236	0,084	1,236
39,981	1,236	0,084	1,236
37,116	1,236	0,084	1,236
34,719	1,236	0,084	1,236
31,077	1,236	0,084	1,236
31,049	1,208	0,056	1,208
29,326	1,770	0,618	1,770
30,515	1,770	0,618	1,770
28,652	1,770	0,618	1,770
30,253	1,770	0,618	1,770
32,566	0,562	0,562	0,562
35,562	0,562	0,562	0,562
35,665	0,562	0,562	0,562
35,478	0,562	0,562	0,562
38,792	0,562	0,562	0,562
39,073	0,955	0,983	0,955
37,772	0,955	0,983	0,955
38,577	0,964	0,983	0,964
38,109	0,964	0,983	0,964
36,077	0,964	0,983	0,964
36,732	0,964	0,983	0,964
36,217	0,403	0,421	0,403
36,180	0,403	0,421	0,403
34,785	0,403	0,421	0,403
35,365	0,403	0,421	0,403
36,217	0,403	0,421	0,403
36,573	0,403	0,421	0,403
36,639	0,403	0,421	0,403
33,315	0,403	0,421	0,403
30,000	0,403	0,421	0,403
30,122	0,431	0,421	0,431
28,961	0,431	0,421	0,431
25,693	0,421	0,421	0,421
23,230	0,421	0,421	0,421
23,230	0,421	0,421	0,421
19,232	0,421	0,421	0,421
19,232	0,421	0,421	0,421
15,890	0,421	0,421	0,421
15,684	0,421	0,421	0,421
14,831	0,421	0,421	0,421
10,581	0,421	0,421	0,421
7,228	0,421	0,421	0,421
3,755	0,421	0,421	0,421
3,755	0,421	0,421	0,421
3,755	0,421	0,421	0,421
3,352	0,000	0,000	0,000
3,614	0,000	0,000	0,000
9,054	0,000	0,000	0,000
14,429	0,000	0,000	0,000
17,603	0,000	0,000	0,000
20,871	0,000	0,000	0,000
25,412	0,000	0,000	0,000
28,773	0,000	0,000	0,000
28,773	0,000	0,000	0,000
25,421	0,000	0,000	0,000
28,867	0,000	0,000	0,000
28,867	0,000	0,000	0,000
32,191	0,000	0,000	0,000
32,191	0,000	0,000	0,000
32,191	0,000	0,000	0,000
32,191	0,000	0,000	0,000
31,985	0,000	0,000	0,000
26,545	0,000	0,000	0,000
23,343	2,444	3,193	2,444
20,169	2,444	3,193	2,444
16,901	2,444	3,193	2,444
12,360	2,444	3,193	2,444
8,998	2,444	3,193	2,444
9,307	2,753	3,502	2,753
9,307	2,753	3,502	2,753
5,861	2,753	3,502	2,753
5,861	2,753	3,502	2,753
2,537	2,753	3,502	2,753
2,846	3,062	3,811	3,062
2,846	3,062	3,811	3,062
2,846	3,062	3,811	3,062
2,790	3,062	3,811	3,062
2,790	3,062	3,811	3,062
1,582	1,601	1,601	1,601
1,582	1,601	1,601	1,601
1,582	1,601	1,601	1,601
1,582	1,601	1,601	1,601
1,582	1,601	1,601	1,601
1,273	1,292	1,292	1,292
1,273	1,292	1,292	1,292
1,273	1,292	1,292	1,292
1,273	1,292	1,292	1,292
1,292	1,292	1,292	1,292
4,382	0,983	0,983	0,983
7,687	0,983	0,983	0,983
8,127	0,983	0,983	0,983
10,047	0,983	0,983	0,983
10,225	1,142	1,142	1,142
9,279	0,159	0,159	0,159
11,845	0,159	0,159	0,159
11,845	0,159	0,159	0,159
11,845	0,159	0,159	0,159
11,854	0,159	0,159	0,159
11,854	0,159	0,159	0,159
11,854	0,159	0,159	0,159
11,854	0,159	0,159	0,159
11,854	0,159	0,159	0,159
11,835	0,159	0,159	0,159
8,436	0,159	0,159	0,159
5,131	0,159	0,159	0,159
5,506	1,021	1,021	1,021
8,923	1,021	1,021	1,021
12,125	0,861	0,861	0,861
12,107	0,861	0,861	0,861
12,912	0,861	0,861	0,861
13,727	1,723	1,723	1,723
13,727	1,723	1,723	1,723
13,717	1,723	1,723	1,723
17,125	1,723	1,723	1,723
17,125	1,732	1,732	1,732
20,403	1,732	1,742	1,732
24,794	1,732	1,742	1,732
28,586	1,732	1,742	1,732
31,545	1,732	1,742	1,732
32,163	2,406	2,416	2,406
32,182	1,545	1,554	1,545
28,483	1,545	1,554	1,545
25,721	2,219	2,537	2,219
25,721	2,219	2,537	2,219
22,350	2,219	2,537	2,219
24,916	1,358	1,676	1,358
27,537	1,358	1,676	1,358
30,852	1,358	1,676	1,358
29,326	1,358	1,676	1,358
31,676	1,348	1,667	1,348
31,620	1,348	1,657	1,348
30,534	1,348	1,657	1,348
30,262	1,348	1,657	1,348
30,346	1,348	1,657	1,348
33,024	0,674	0,983	0,674
35,674	0,674	0,983	0,674
38,427	0,674	0,983	0,674
41,217	0,000	0,000	0,000
41,217	0,000	0,000	0,000
45,908	0,000	0,000	0,000
45,796	0,000	0,000	0,000
46,423	0,000	0,000	0,000
46,423	0,000	0,000	0,000
47,893	0,000	0,000	0,000
46,985	0,000	0,000	0,000
48,127	0,000	0,000	0,000
46,976	0,000	0,000	0,000
43,455	0,000	0,000	0,000
40,412	0,000	0,000	0,000
39,644	2,275	0,421	2,275
36,161	2,275	0,421	2,275
32,172	2,697	2,032	2,697
28,764	2,697	2,032	2,697
28,764	2,697	2,032	2,697
24,073	2,697	2,032	2,697
20,805	2,697	2,032	2,697
17,556	2,697	2,032	2,697
14,242	2,697	2,032	2,697
10,890	2,697	2,032	2,697
9,448	2,697	2,032	2,697
5,084	2,697	2,032	2,697
4,579	4,448	3,015	4,448
4,579	4,448	3,015	4,448
4,579	4,448	3,015	4,448
2,051	2,172	2,594	2,172
2,051	2,172	2,594	2,172
1,648	1,751	0,983	1,751
1,648	1,751	0,983	1,751
1,648	1,751	0,983	1,751
1,957	2,060	1,966	2,060
1,957	2,060	1,966	2,060
1,957	2,060	1,966	2,060
1,957	2,060	1,966	2,060
1,957	2,060	1,966	2,060
1,957	2,060	1,966	2,060
1,957	2,060	1,966	2,060
0,309	0,309	0,983	0,309
0,309	0,309	0,983	0,309
0,309	0,309	0,983	0,309
0,309	0,309	0,983	0,309
0,309	0,309	0,983	0,309
0,309	0,309	0,983	0,309
0,309	0,309	0,983	0,309
0,309	0,309	0,983	0,309
0,000	0,000	0,000	0,000
0,178	0,159	0,169	0,159
0,178	0,159	0,169	0,159
0,178	0,159	0,169	0,159
0,178	0,159	0,169	0,159
0,178	0,159	0,169	0,159
0,178	0,159	0,169	0,159
0,178	0,159	0,169	0,159
0,178	0,159	0,169	0,159
0,993	1,021	0,169	1,021
0,993	1,021	0,169	1,021
0,993	1,021	0,169	1,021
0,993	1,021	0,169	1,021
0,993	1,021	0,169	1,021
1,395	1,442	0,590	1,442
1,395	1,442	0,590	1,442
1,217	1,292	0,431	1,292
1,217	1,292	0,431	1,292
1,217	1,292	0,431	1,292
1,217	1,292	0,440	1,292
1,217	1,292	0,440	1,292
1,217	1,292	0,440	1,292
1,217	1,292	0,440	1,292
1,217	1,292	0,440	1,292
0,403	0,440	1,114	0,440
0,403	0,440	1,114	0,440
0,403	0,440	1,114	0,440
0,403	0,440	1,114	0,440
0,403	0,440	1,114	0,440
0,000	0,019	0,693	0,019
0,000	0,019	0,693	0,019
0,000	0,009	0,684	0,009
0,000	0,009	0,684	0,009
0,309	0,318	1,667	0,318
0,309	0,318	1,657	0,318
0,927	0,993	2,640	0,993
0,927	0,993	2,640	0,993
0,927	0,993	2,640	0,993
0,927	0,993	2,640	0,993
1,545	1,657	2,949	1,657
1,545	1,657	2,949	1,657
1,545	1,657	2,949	1,657
1,545	1,657	2,949	1,657
1,545	1,657	2,949	1,657
2,060	2,219	3,511	2,219
2,060	2,219	3,511	2,219
2,060	2,219	3,511	2,219
2,060	2,219	3,511	2,219
1,751	1,910	2,528	1,910
1,751	1,910	2,528	1,910
1,133	1,236	1,545	1,236
1,133	1,236	2,528	1,236
1,133	1,236	2,528	1,236
1,592	1,713	3,090	1,713
0,974	1,039	2,107	1,039
0,974	1,039	2,107	1,039
0,974	1,039	2,107	1,039
0,974	1,039	2,107	1,039
0,974	1,039	2,107	1,039
0,459	0,478	1,545	0,478
0,459	0,478	1,545	0,478
0,459	0,478	1,545	0,478
0,459	0,478	1,545	0,478
0,459	0,478	1,545	0,478
0,459	0,478	1,545	0,478
0,459	0,478	1,545	0,478
0,459	0,478	0,562	0,478
0,459	0,478	0,562	0,478
0,000	0,000	0,000	0,000
0,000	0,000	0,000	0,000
0,000	0,000	0,000	0,000
0,000	0,000	0,000	0,000
0,000	0,000	0,000	0,000
0,000	0,000	0,000	0,000
0,000	0,000	0,000	0,000
0,000	0,000	0,000	0,000
0,000	0,000	0,000	0,000
0,000	0,000	0,000	0,000
0,000	0,000	0,000	0,000
0,000	0,000	0,000	0,000
0,000	0,000	0,000	0,000
0,000	0,000	0,000	0,000
0,000	0,000	0,000	0,000
0,000	0,000	0,000	0,000
0,000	0,000	1,779	0,000
0,000	0,000	1,779	0,000
0,000	0,000	1,779	0,000
0,000	0,000	1,779	0,000
0,000	0,000	1,779	0,000
0,000	0,000	1,779	0,000
0,000	0,000	1,779	0,000
0,964	0,983	1,779	0,983
0,964	0,983	1,779	0,983
0,964	0,983	1,779	0,983
0,964	0,983	1,779	0,983
0,964	0,983	1,779	0,983
0,964	0,983	1,779	0,983
0,964	0,993	1,788	0,993
0,964	0,993	1,788	0,993
0,964	0,993	0,871	0,993
0,964	0,993	0,871	0,993
0,964	0,993	0,871	0,993
0,964	0,993	0,871	0,993
0,964	0,993	0,871	0,993
0,964	0,993	0,871	0,993
0,964	0,993	0,871	0,993
0,000	0,009	0,871	0,009
0,000	0,019	0,880	0,019
0,000	0,019	0,880	0,019
0,000	0,019	0,880	0,019
0,000	0,019	0,880	0,019
0,000	0,019	0,880	0,019
0,000	0,009	0,871	0,009
0,000	0,009	0,871	0,009
0,000	0,009	0,009	0,009
0,000	0,009	0,009	0,009
0,000	0,009	0,009	0,009
0,000	0,009	0,009	0,009
0,000	0,009	0,009	0,009
0,000	0,009	0,009	0,009
0,000	0,009	0,009	0,009
0,000	0,009	0,009	0,009
0,000	0,000	0,000	0,000
0,000	0,000	0,000	0,000
0,000	0,000	0,000	0,000
0,000	0,000	0,000	0,000
3,371	3,165	0,000	3,165
3,371	3,165	0,000	3,165
3,371	3,165	0,000	3,165
3,371	3,165	0,000	3,165
3,886	3,727	0,562	3,727
3,886	3,727	0,562	3,727
3,886	3,727	0,562	3,727
3,886	3,727	0,562	3,727
3,886	3,727	0,562	3,727
3,886	3,727	0,562	3,727
3,886	3,727	0,562	3,727
3,886	3,727	0,562	3,727
3,886	3,727	0,562	3,727
3,886	3,727	0,562	3,727
3,886	3,727	0,562	3,727
0,515	0,562	0,562	0,562
0,515	0,562	1,545	0,562
0,515	0,562	1,545	0,562
0,515	0,562	1,545	0,562
0,000	0,000	0,983	0,000
0,009	0,000	0,983	0,000
0,009	0,000	0,983	0,000
0,009	0,000	0,983	0,000
0,009	0,000	0,983	0,000
0,009	0,000	0,983	0,000
0,009	0,000	0,983	0,000
0,009	0,000	0,983	0,000
0,009	0,000	0,983	0,000
1,835	0,000	0,983	0,000
2,725	0,890	1,002	0,890
6,255	0,946	1,030	0,946
8,352	3,099	2,350	3,099
11,526	3,390	2,350	3,390
16,433	3,390	2,350	3,390
16,433	3,390	2,350	3,390
21,301	3,390	2,350	3,390
25,346	3,390	2,350	3,390
28,680	3,390	2,350	3,390
31,891	3,390	2,350	3,390
35,009	3,390	2,350	3,390
38,464	3,408	2,369	3,408
41,854	3,408	2,369	3,408
45,112	3,408	2,369	3,408
48,099	3,408	2,369	3,408
49,728	2,519	2,350	2,519
49,522	2,463	2,322	2,463
49,991	0,318	0,019	0,318
50,309	0,028	0,019	0,028
48,895	0,028	2,266	0,028
52,285	3,371	2,266	3,371
48,998	4,850	2,266	4,850
46,545	6,330	2,397	6,330
43,830	7,004	3,380	7,004
41,470	7,846	3,380	7,846
39,204	8,689	4,054	8,689
36,601	9,513	4,710	9,513
35,178	11,255	4,710	11,255
33,886	12,996	4,710	12,996
32,303	16,479	4,710	16,479
31,189	17,790	4,710	17,790
29,270	19,101	8,324	19,101
28,109	20,403	8,324	20,403
24,616	20,403	8,567	20,403
22,603	21,816	6,320	21,816
20,693	19,888	6,451	19,888
20,899	20,037	6,648	20,037
22,547	22,022	6,517	6,517
25,169	24,813	5,534	5,534
27,556	27,434	5,534	5,534
29,944	30,056	4,906	4,906
29,092	29,213	4,242	4,242
27,125	27,472	5,805	5,805
26,770	27,294	5,805	5,805
27,107	27,294	8,099	8,099
29,148	29,504	10,253	10,253
29,466	29,822	6,639	6,639
29,728	30,272	6,639	6,639
33,099	33,390	8,474	8,474
34,991	35,094	11,910	11,910
36,882	36,798	11,779	11,779
38,455	38,287	11,582	11,582
37,406	36,985	11,582	11,582
37,622	36,826	11,582	11,582
37,837	36,667	11,582	11,582
34,869	33,530	12,069	12,069
35,140	33,858	12,060	12,060
35,412	34,185	10,496	10,496
36,152	34,700	13,801	13,801
34,934	33,296	11,507	11,507
32,257	30,543	11,479	11,479
32,425	30,702	13,605	13,605
32,650	30,730	13,605	13,605
31,170	29,401	11,526	11,526
29,691	28,071	8,090	8,090
28,212	26,835	10,215	10,215
26,161	25,056	10,215	10,215
23,970	22,893	13,745	13,745
24,167	22,949	13,745	13,745
24,363	23,006	13,745	13,745
24,092	22,678	14,195	14,195
23,820	22,350	16,423	16,423
23,549	22,022	16,423	16,423
21,283	20,094	13,118	13,118
19,017	18,165	15,131	15,131
18,558	17,706	15,019	15,019
16,976	16,227	12,893	12,893
17,051	16,601	13,062	13,062
17,509	17,369	13,062	13,062
17,893	17,725	13,062	13,062
18,277	17,987	10,936	10,936
19,232	18,792	13,090	13,090
21,507	20,936	9,569	9,569
20,131	19,719	9,569	9,569
18,680	18,530	9,569	9,569
20,843	20,693	8,586	8,586
23,165	23,165	6,358	6,358
25,487	25,637	8,633	8,633
27,725	27,959	12,172	12,172
29,963	30,281	10,159	10,159
29,654	29,981	8,895	8,895
29,345	29,682	11,161	11,161
27,378	27,528	10,993	10,993
25,028	24,981	10,993	10,993
24,644	24,597	13,567	13,567
23,830	23,914	13,567	13,567
23,015	23,230	11,414	11,414
23,109	23,699	11,404	11,404
21,648	22,416	12,257	12,257
23,034	23,577	12,275	12,275
22,397	23,193	12,275	12,275
21,601	22,500	12,275	12,275
19,485	20,243	12,079	12,079
17,369	17,987	10,618	10,618
18,230	18,577	12,697	12,697
19,410	19,682	11,948	11,948
20,590	20,787	9,682	9,682
21,770	21,891	9,682	9,682
21,770	21,882	10,534	10,534
19,878	20,122	8,811	8,811
18,418	18,661	8,811	8,811
16,957	17,200	8,811	8,811
17,800	17,837	8,811	8,811
20,197	20,225	10,159	10,159
19,822	20,140	10,140	10,140
21,507	21,610	10,169	10,169
23,193	23,081	10,169	10,169
22,987	22,865	11,404	11,404
24,719	24,373	12,500	12,500
24,897	24,747	10,421	10,421
27,079	27,069	10,421	10,421
29,157	29,316	10,421	10,421
31,236	31,564	10,421	10,421
31,236	31,564	10,552	10,552
31,236	31,564	9,700	9,700
32,228	32,500	9,700	9,700
33,221	33,436	9,700	9,700
33,455	33,577	9,700	9,700
33,099	33,052	7,500	7,500
32,743	32,528	7,500	7,500
32,388	32,004	7,481	7,481
32,154	31,732	7,481	7,481
35,131	34,710	4,167	4,167
35,515	35,459	3,043	3,043
34,476	34,494	3,043	3,043
33,436	33,530	3,043	3,043
31,929	32,125	5,197	5,197
30,421	30,721	7,350	7,350
32,481	32,519	8,521	8,521
34,541	34,316	8,521	8,521
35,515	35,459	8,521	8,521
34,925	34,944	8,521	8,521
33,455	33,230	11,873	11,873
30,599	30,506	12,669	12,669
27,743	27,781	12,669	12,669
24,888	25,056	12,659	12,659
22,313	22,500	13,642	13,642
19,738	19,944	13,642	13,642
17,818	17,893	11,592	11,592
15,899	15,843	12,575	12,575
15,562	15,421	14,944	14,944
15,515	15,309	12,790	12,790
14,073	13,661	11,545	11,545
12,322	12,172	9,391	9,391
12,275	12,575	9,391	9,391
12,800	12,884	9,391	9,391
14,298	14,204	9,391	9,391
15,496	15,740	6,039	6,039
18,670	18,951	7,350	7,350
21,124	21,433	7,350	7,350
21,124	21,433	7,350	7,350
20,721	21,011	6,367	6,367
23,230	23,296	6,367	6,367
25,028	25,122	6,367	6,367
26,826	26,948	5,384	5,384
24,841	24,897	3,015	3,015
25,524	25,272	3,015	3,015
27,603	27,182	2,107	2,107
29,195	28,839	2,107	2,107
27,350	26,770	2,107	2,107
25,028	24,513	2,107	2,107
23,127	22,772	2,107	2,107
19,953	19,560	2,107	2,107
16,779	16,348	0,000	0,000
16,713	16,330	0,000	0,000
18,717	18,127	0,000	0,000
18,717	18,137	0,983	0,983
15,805	15,440	0,983	0,983
13,605	13,202	0,983	0,983
12,369	11,938	1,966	1,966
15,787	15,206	1,966	1,966
15,796	15,412	1,966	1,966
16,011	15,730	1,966	1,966
16,217	15,721	4,120	4,120
17,996	17,622	4,120	4,120
19,382	19,092	4,120	4,120
20,936	20,693	4,120	4,120
21,901	21,676	4,120	4,120
25,459	25,159	6,152	6,152
26,414	25,983	6,152	6,152
24,410	24,195	6,152	6,152
26,451	26,470	8,361	8,361
27,266	27,322	11,554	11,554
28,081	28,174	11,554	11,554
27,931	28,052	10,571	10,571
25,777	26,114	10,571	10,571
24,644	25,019	13,951	13,951
23,305	23,811	15,880	15,880
22,463	23,184	13,727	13,727
21,779	22,481	13,727	13,727
21,489	22,210	13,727	13,727
22,416	20,609	13,727	13,727
24,026	22,266	13,727	13,727
23,043	21,423	13,989	13,989
20,318	18,811	16,283	16,283
23,530	22,144	16,283	16,283
23,511	21,845	13,090	13,090
25,225	23,633	9,897	9,897
26,938	25,421	9,897	9,897
26,742	25,234	10,880	10,880
27,921	26,199	10,880	10,880
29,101	27,163	9,569	9,569
27,837	25,833	8,624	8,624
29,803	25,833	8,624	8,624
31,798	30,955	8,633	8,633
33,783	29,625	8,633	8,633
31,301	29,625	10,215	10,215
31,601	26,985	10,215	10,215
33,483	24,345	7,921	7,921
37,322	23,670	7,659	7,659
34,110	20,328	7,659	7,659
32,088	18,343	7,659	7,659
29,560	15,693	7,659	7,659
27,032	13,043	7,659	7,659
26,414	12,369	6,676	6,676
23,970	10,075	6,676	6,676
21,526	7,781	4,607	4,607
21,526	7,781	3,624	3,624
18,296	6,451	3,624	3,624
15,037	0,000	3,614	3,614
11,788	0,000	3,614	3,614
11,788	0,000	2,032	2,032
8,914	0,000	2,032	2,032
4,457	0,000	2,032	2,032
0,000	0,000	0,000	0,000
0,000	0,000	0,000	0,000
0,000	0,000	0,000	0,000
0,000	0,000	0,000	0,000
0,000	0,000	0,000	0,000
0,000	0,000	1,685	0,000
0,009	0,000	1,685	0,000
0,009	0,000	1,685	0,000
0,009	0,000	1,685	0,000
0,009	0,000	1,685	0,000
0,009	0,000	1,685	0,000
0,009	0,000	1,685	0,000
0,009	0,000	1,685	0,000
0,009	0,000	1,685	0,000
0,009	0,000	1,685	0,000
0,009	0,000	1,685	0,000
0,009	0,000	1,685	0,000
0,009	0,000	1,685	0,000
0,009	0,000	1,685	0,000
0,009	0,000	1,685	0,000
0,009	0,000	0,000	0,000
0,000	0,000	0,000	0,000
0,000	0,000	0,000	0,000
0,000	0,000	0,000	0,000
0,000	0,000	0,000	0,000
0,000	0,000	0,000	0,000
0,000	0,000	1,723	0,000
0,000	0,000	1,723	0,000
0,000	0,000	1,723	0,000
0,000	0,000	1,723	0,000
0,000	0,000	1,723	0,000
0,000	0,000	1,723	0,000
0,000	0,000	1,723	0,000
0,000	0,000	1,723	0,000
0,000	0,000	1,723	0,000
0,000	0,000	1,723	0,000
0,000	0,000	1,723	0,000
0,000	0,000	1,723	0,000
0,000	0,000	1,723	0,000
0,000	0,000	1,723	0,000
0,000	0,000	1,723	0,000
0,000	0,000	0,000	0,000
0,000	0,000	0,000	0,000
0,000	0,000	0,000	0,000
0,000	0,000	0,000	0,000
0,000	0,000	0,000	0,000
0,000	0,000	0,000	0,000
0,000	0,000	0,000	0,000
0,000	0,000	0,000	0,000
0,000	0,000	0,000	0,000
0,000	0,000	0,000	0,000
0,000	0,000	0,000	0,000
0,000	0,000	0,000	0,000
0,000	0,000	0,000	0,000
0,000	0,000	0,000	0,000
0,000	0,000	0,000	0,000
0,000	0,000	0,000	0,000
0,000	0,000	0,000	0,000
0,000	0,000	0,000	0,000
0,000	0,000	0,000	0,000
0,000	0,000	0,000	0,000
0,000	0,000	0,000	0,000
0,000	0,000	3,670	0,000
0,000	0,000	7,341	0,000
0,000	0,000	11,011	0,000
0,000	0,000	14,682	0,000
0,000	0,000	17,154	0,000
0,000	0,000	19,625	0,000
0,000	0,000	22,097	0,000
0,000	0,000	22,097	0,000
0,000	0,000	22,097	0,000
0,000	0,000	22,097	0,000
0,000	0,000	22,097	0,000
0,000	0,000	24,569	0,000
0,000	0,000	27,041	0,000
0,000	0,000	27,041	0,000
3,277	0,000	27,041	0,000
6,723	0,000	23,371	0,000
10,169	0,000	19,700	0,000
10,169	0,000	16,030	0,000
10,833	0,562	13,221	0,562
10,833	0,562	10,749	0,562
10,833	0,562	8,277	0,562
10,833	0,562	5,805	0,562
10,833	0,562	5,805	0,562
10,833	0,562	5,805	0,562
10,833	0,562	5,805	0,562
10,833	0,562	5,805	0,562
10,833	0,562	3,333	0,562
10,833	0,562	0,861	0,562
10,833	0,562	0,861	0,562
7,556	0,562	0,861	0,562
4,110	0,562	0,861	0,562
0,665	0,562	0,861	0,562
0,665	0,562	0,861	0,562
0,000	0,000	0,000	0,000
0,000	0,000	0,000	0,000
0,000	0,000	0,000	0,000
0,000	0,000	0,000	0,000
0,000	0,000	0,000	0,000
0,000	0,000	0,000	0,000
0,000	0,000	0,000	0,000
0,000	0,000	0,000	0,000
0,000	0,000	0,000	0,000
0,000	0,000	0,000	0,000
0,009	0,000	0,000	0,000
0,009	0,000	0,000	0,000
0,009	0,000	0,000	0,000
0,009	0,000	0,983	0,000
0,009	0,000	0,983	0,000
0,009	0,000	0,983	0,000
0,009	0,000	0,983	0,000
0,009	0,000	0,983	0,000
0,009	0,000	0,983	0,000
0,009	0,000	0,983	0,000
0,009	0,000	0,983	0,000
0,009	0,000	0,983	0,000
0,009	0,000	0,983	0,000
0,009	0,000	0,983	0,000
0,009	0,000	1,966	0,000
0,000	0,000	1,966	0,000
0,000	0,000	1,966	0,000
0,000	0,000	1,966	0,000
0,000	0,000	0,983	0,000
0,000	0,000	0,983	0,000
0,000	0,000	0,983	0,000
0,000	0,000	1,966	0,000
0,000	0,000	1,966	0,000
0,000	0,000	1,966	0,000
0,000	0,000	1,966	0,000
0,000	0,000	1,966	0,000
0,000	0,000	1,966	0,000
0,000	0,000	1,966	0,000
0,000	0,000	1,966	0,000
0,000	0,000	0,983	0,000
0,000	0,000	0,983	0,000
0,000	0,000	0,983	0,000
0,000	0,000	0,983	0,000
0,000	0,000	0,983	0,000
0,000	0,000	1,966	0,000
0,000	0,000	1,966	0,000
0,000	0,000	0,983	0,000
0,000	0,000	0,983	0,000
0,000	0,000	0,983	0,000
0,000	0,000	0,983	0,000
0,000	0,000	0,983	0,000
0,000	0,000	4,288	0,000
0,000	0,000	7,594	0,000
0,000	0,000	7,594	0,000
0,000	0,000	7,594	0,000
0,000	0,000	7,594	0,000
0,000	0,000	11,077	0,000
0,000	0,000	11,077	0,000
0,309	0,309	11,386	0,309
0,309	0,309	10,403	0,309
0,309	0,309	10,403	0,309
0,309	0,309	10,403	0,309
0,309	0,309	10,403	0,309
0,309	0,309	10,403	0,309
0,431	0,309	10,403	0,309
0,431	0,309	10,403	0,309
0,431	0,309	7,097	0,309
0,431	0,309	3,792	0,309
0,431	0,309	3,792	0,309
5,543	0,309	3,792	0,309
5,543	0,309	3,792	0,309
5,543	0,309	0,309	0,309
5,543	0,309	0,309	0,309
5,234	0,000	0,000	0,000
5,234	0,000	0,000	0,000
6,985	0,000	0,000	0,000
6,985	0,000	0,000	0,000
6,985	0,000	0,000	0,000
6,985	0,000	0,000	0,000
6,863	0,000	0,000	0,000
6,863	0,000	0,000	0,000
7,378	0,562	0,562	0,562
7,378	0,562	0,562	0,562
7,378	0,562	0,562	0,562
2,266	0,562	0,562	0,562
2,266	0,562	0,562	0,562
2,884	1,236	0,562	1,236
2,884	1,236	0,562	1,236
2,884	1,236	0,562	1,236
2,884	1,236	0,562	1,236
1,133	1,236	0,562	1,236
1,648	1,798	1,124	1,798
1,648	1,798	1,124	1,798
1,648	1,798	1,124	1,798
1,648	1,798	1,124	1,798
1,648	1,798	1,124	1,798
1,133	1,236	0,562	1,236
1,133	1,236	0,562	1,236
1,133	1,236	0,562	1,236
1,133	1,236	0,562	1,236
1,133	1,236	0,562	1,236
0,515	0,562	0,562	0,562
0,515	0,562	0,562	0,562
0,515	0,562	0,562	0,562
0,515	0,562	0,562	0,562
0,515	0,562	0,562	0,562
0,000	0,000	0,000	0,000
0,000	0,000	0,000	0,000
0,000	0,000	0,000	0,000
0,000	0,000	0,000	0,000
0,000	0,000	0,000	0,000
0,000	0,000	0,000	0,000
0,000	0,000	0,000	0,000
0,309	0,309	0,309	0,309
0,309	0,309	0,309	0,309
0,309	0,309	0,309	0,309
0,309	0,309	0,309	0,309
0,309	0,309	0,309	0,309
0,618	0,618	0,618	0,618
0,618	0,618	0,618	0,618
0,618	0,618	0,618	0,618
0,618	0,618	0,618	0,618
0,618	0,618	0,618	0,618
0,618	0,618	0,618	0,618
0,618	0,618	0,618	0,618
0,618	0,618	0,618	0,618
0,618	0,618	0,618	0,618
0,618	0,618	0,618	0,618
0,309	0,309	0,309	0,309
1,273	1,292	0,309	1,292
1,273	1,292	0,309	1,292
1,273	1,292	0,309	1,292
1,451	1,451	0,412	1,451
1,320	1,301	1,086	1,301
1,320	1,301	1,086	1,301
1,320	1,301	1,086	1,301
1,320	1,301	1,086	1,301
1,320	1,301	1,086	1,301
2,135	2,163	1,948	2,163
2,135	2,163	1,948	2,163
2,135	2,172	1,948	2,172
2,135	2,172	1,948	2,172
2,135	2,172	1,948	2,172
2,135	2,172	1,948	2,172
1,170	1,189	1,948	1,189
1,985	2,051	2,809	2,051
1,985	2,051	2,809	2,051
1,807	1,891	2,706	1,891
1,629	1,742	1,732	1,742
1,629	1,742	1,732	1,742
1,629	1,742	1,732	1,742
1,629	1,742	1,732	1,742
1,629	1,742	1,732	1,742
0,815	0,890	0,880	0,890
0,815	0,890	0,880	0,890
0,815	0,880	0,880	0,880
0,815	0,890	0,890	0,890
0,815	0,890	0,890	0,890
0,815	0,890	0,890	0,890
0,815	0,890	0,890	0,890
0,000	0,028	0,028	0,028
0,000	0,028	0,028	0,028
0,000	0,028	0,028	0,028
0,000	0,019	0,019	0,019
0,000	0,019	0,019	0,019
0,000	0,019	0,019	0,019
0,000	0,019	0,019	0,019
0,000	0,019	0,019	0,019
0,000	0,009	0,009	0,009
0,000	0,009	0,009	0,009
0,000	0,009	0,009	0,009
0,000	0,000	0,000	0,000
0,000	0,000	0,000	0,000
0,000	0,000	0,000	0,000
0,000	0,000	0,000	0,000
0,000	0,000	0,000	0,000
0,618	0,674	0,674	0,674
0,618	0,674	0,674	0,674
1,133	1,236	1,236	1,236
1,133	1,236	1,236	1,236
1,133	1,236	1,236	1,236
1,133	1,236	1,236	1,236
1,133	1,236	1,236	1,236
1,133	1,236	1,236	1,236
1,133	1,236	1,236	1,236
1,133	1,236	1,236	1,236
1,133	1,236	1,236	1,236
1,133	1,236	1,236	1,236
1,133	1,236	1,798	1,236
1,133	1,236	1,798	1,236
1,133	1,236	1,798	1,236
0,515	0,562	1,124	0,562
1,030	1,124	1,685	1,124
0,515	0,562	1,124	0,562
0,515	0,562	1,124	0,562
0,918	0,983	1,545	0,983
0,918	0,983	1,545	0,983
0,918	0,983	1,545	0,983
0,918	0,983	1,545	0,983
0,918	0,983	1,545	0,983
0,918	0,983	1,545	0,983
0,918	0,983	1,545	0,983
0,918	0,983	1,545	0,983
0,918	0,983	0,983	0,983
0,918	0,983	0,983	0,983
0,918	0,983	0,983	0,983
0,918	0,983	0,983	0,983
0,805	0,843	0,843	0,843
0,805	0,843	0,843	0,843
0,805	0,843	0,843	0,843
0,403	0,421	0,421	0,421
0,403	0,421	0,421	0,421
0,403	0,421	0,421	0,421
0,403	0,421	0,421	0,421
0,403	0,421	0,421	0,421
0,403	0,421	0,421	0,421
0,403	0,421	0,421	0,421
0,403	0,421	0,421	0,421
0,403	0,421	0,421	0,421
0,403	0,421	0,421	0,421
0,403	0,421	0,421	0,421
0,403	0,421	0,421	0,421
0,000	0,000	0,000	0,000
0,000	0,000	0,000	0,000
0,000	0,000	0,000	0,000
0,000	0,000	0,000	0,000
0,000	0,000	0,000	0,000
0,000	0,000	0,000	0,000
0,000	0,000	0,000	0,000
0,000	0,000	0,000	0,000
0,000	0,000	0,000	0,000
0,000	0,000	0,000	0,000
0,000	0,000	0,000	0,000
0,964	0,983	0,983	0,983
0,964	0,983	0,983	0,983
0,964	0,983	0,983	0,983
0,964	0,983	0,983	0,983
0,964	0,983	0,983	0,983
0,964	0,983	0,983	0,983
0,964	0,983	0,983	0,983
0,964	0,993	0,993	0,993
0,964	0,993	0,993	0,993
0,964	0,993	0,993	0,993
0,964	0,993	0,993	0,993
0,964	0,993	0,993	0,993
1,779	1,854	1,854	1,854
1,779	1,854	1,854	1,854
1,779	1,854	1,854	1,854
0,815	0,871	0,871	0,871
0,815	0,871	0,871	0,871
0,815	0,871	0,871	0,871
0,815	0,871	0,871	0,871
0,815	0,871	0,871	0,871
0,815	0,871	0,871	0,871
1,629	1,732	0,871	1,732
1,629	1,723	0,861	1,723
1,629	1,723	0,861	1,723
1,629	1,723	0,861	1,723
1,629	1,723	0,861	1,723
4,391	4,373	4,410	4,373
3,633	3,511	3,549	3,511
3,633	3,511	3,549	3,511
3,633	3,511	4,532	3,511
3,633	3,511	4,532	3,511
3,633	3,511	4,532	3,511
3,633	3,511	4,532	3,511
3,633	3,511	4,532	3,511
3,633	3,511	4,532	3,511
3,633	3,511	4,532	3,511
2,818	2,650	4,532	2,650
2,818	2,650	4,532	2,650
2,818	2,650	4,532	2,650
2,818	2,650	4,532	2,650
6,227	2,650	4,532	2,650
6,732	3,380	3,455	3,380
8,895	5,618	5,927	5,618
11,114	7,856	8,015	7,856
16,217	7,856	7,032	7,856
19,251	7,856	7,032	7,856
22,285	7,856	7,032	7,856
25,318	7,856	7,032	7,856
27,069	9,700	7,032	9,700
28,820	11,545	7,032	11,545
28,820	11,545	7,032	11,545
28,820	11,545	7,032	11,545
34,213	11,545	8,530	11,545
34,616	11,966	8,951	11,966
38,052	11,966	8,951	11,966
38,090	11,966	8,951	11,966
38,212	8,586	6,479	8,586
39,494	6,348	4,007	6,348
37,865	4,757	1,919	4,757
36,105	8,071	1,919	8,071
36,414	11,386	5,262	11,386
36,620	14,551	5,262	14,551
33,895	14,831	5,262	14,831
32,453	13,268	5,468	13,268
31,011	11,704	5,674	11,704
31,320	11,985	5,674	11,985
31,320	11,985	5,871	11,985
25,927	11,985	4,569	11,985
25,524	11,564	4,345	11,564
23,230	12,856	4,373	12,856
20,927	14,148	4,401	4,401
19,335	15,768	7,743	7,743
15,964	15,899	11,086	11,086
15,506	15,384	11,245	11,245
12,294	12,200	11,245	11,245
10,796	10,665	10,936	10,936
8,614	8,502	10,974	10,974
11,676	11,582	10,974	10,974
14,738	14,663	12,818	12,818
17,528	17,921	12,678	12,678
18,699	19,157	12,678	12,678
19,335	19,813	12,481	12,481
19,972	20,468	12,285	12,285
21,910	22,238	12,088	12,088
22,556	22,687	12,060	12,060
23,202	23,137	12,032	12,032
24,654	25,000	8,689	8,689
27,772	28,352	5,346	5,346
30,890	31,704	5,187	5,187
32,350	33,024	5,187	5,187
32,097	32,697	5,599	5,599
32,631	33,146	9,007	9,007
32,556	33,221	9,007	9,007
32,481	33,296	6,957	6,957
30,946	31,086	6,891	6,891
31,030	30,899	6,891	6,891
31,957	31,573	6,891	6,891
33,801	33,127	6,891	6,891
33,642	33,333	8,202	8,202
35,103	35,047	8,202	8,202
35,028	35,019	8,202	8,202
33,493	33,249	8,202	8,202
31,386	30,974	8,202	8,202
29,391	28,577	8,202	8,202
29,054	28,212	8,202	8,202
30,712	30,056	4,757	4,757
32,369	31,901	1,311	1,311
29,307	28,745	1,311	1,311
29,260	28,521	1,311	1,311
29,532	29,082	1,311	1,311
29,803	29,644	1,311	1,311
29,794	29,654	1,311	1,311
28,867	28,783	1,311	1,311
28,642	28,146	0,000	0,000
26,948	26,030	0,009	0,009
26,788	25,655	0,019	0,019
26,629	25,281	0,028	0,028
27,041	25,412	0,028	0,028
27,669	26,479	0,028	0,028
28,961	27,800	0,028	0,028
28,258	26,910	2,285	2,285
27,556	26,021	2,350	2,350
30,777	29,157	2,350	2,350
29,110	27,556	2,350	2,350
28,858	27,163	2,350	2,350
28,605	26,770	4,551	4,551
30,449	28,914	4,551	4,551
30,955	29,485	4,551	4,551
30,609	29,551	4,588	4,588
30,262	29,616	4,579	4,579
29,916	29,682	4,569	4,569
30,712	30,543	4,560	4,560
31,507	31,404	7,903	7,903
31,976	31,451	7,903	7,903
30,758	30,346	7,903	7,903
30,449	29,963	5,646	5,646
28,989	28,848	5,609	5,609
26,620	26,723	5,609	5,609
26,124	26,404	5,609	5,609
25,103	25,440	5,609	5,609
27,060	27,331	5,609	5,609
27,200	27,238	5,609	5,609
28,567	28,455	5,609	5,609
28,352	28,165	5,618	5,618
28,137	27,875	7,406	7,406
28,539	28,118	11,573	11,573
27,800	27,566	15,740	15,740
27,060	27,013	14,513	14,513
28,174	28,118	14,513	14,513
30,309	30,122	14,579	14,579
31,536	31,404	14,644	14,644
32,491	32,022	14,682	14,682
33,446	32,640	14,682	14,682
34,401	33,258	16,021	16,021
35,740	34,654	17,360	17,360
34,101	33,193	15,356	15,356
34,120	33,155	15,552	15,552
34,251	33,380	15,552	15,552
33,258	32,266	15,506	15,506
32,266	31,152	13,717	13,717
32,575	31,376	9,579	9,579
32,884	31,601	6,170	6,170
33,193	31,826	4,054	4,054
29,963	28,755	4,054	4,054
26,732	25,684	3,989	3,989
23,268	22,378	3,989	3,989
21,227	20,468	3,923	3,923
22,425	21,873	3,923	3,923
23,624	23,277	2,584	2,584
24,963	24,663	1,245	1,245
26,442	26,067	1,049	1,049
24,064	23,970	0,852	0,852
20,506	20,618	0,852	0,852
20,506	20,618	0,852	0,852
21,751	22,088	0,852	0,852
19,831	20,215	1,011	1,011
18,268	18,727	1,021	1,021
17,378	17,931	1,021	1,021
18,174	18,773	4,419	4,419
17,940	18,539	7,818	7,818
17,940	18,539	7,837	7,837
20,000	20,459	9,944	9,944
18,090	18,502	9,944	9,944
15,337	15,562	13,174	13,174
12,584	12,622	16,404	16,404
9,691	9,663	16,423	16,423
8,998	8,783	19,710	19,710
10,627	10,487	19,710	19,710
13,043	12,715	19,710	19,710
14,213	13,474	19,925	19,925
16,629	15,702	23,202	23,202
16,891	15,993	25,169	25,169
16,479	15,590	25,861	25,861
16,067	15,187	23,155	23,155
16,067	15,187	20,449	20,449
16,067	15,187	21,058	21,058
15,946	15,365	21,067	21,067
16,554	16,105	21,067	21,067
16,629	16,292	17,837	17,837
16,704	16,479	14,607	14,607
16,779	16,667	14,588	14,588
16,292	16,311	14,504	14,504
16,161	16,255	14,504	14,504
15,243	15,674	17,940	17,940
14,036	14,579	17,725	17,725
11,938	12,725	14,260	14,260
11,845	12,631	11,667	11,667
11,751	12,537	11,114	11,114
11,657	12,444	10,562	10,562
12,182	13,024	9,869	9,869
13,942	14,906	9,204	9,204
12,004	12,809	7,257	7,257
10,066	10,712	8,109	8,109
9,504	10,150	8,109	8,109
8,942	9,588	8,109	8,109
9,588	10,290	8,343	8,343
10,796	11,536	5,375	5,375
10,721	11,199	5,375	5,375
10,646	10,861	1,938	1,938
9,438	9,728	2,762	2,762
9,963	10,318	6,910	6,910
9,850	10,262	10,918	10,918
9,738	10,206	10,777	10,777
10,478	10,908	10,637	10,637
11,217	11,610	10,637	10,637
10,075	10,403	10,609	10,609
13,155	13,839	10,440	10,440
13,155	13,839	9,588	9,588
13,436	14,270	10,449	10,449
16,470	17,659	11,170	11,170
16,077	17,079	11,760	11,760
14,869	15,815	12,350	12,350
13,446	14,504	13,174	13,174
14,120	15,300	13,998	13,998
17,051	15,309	13,174	13,174
19,466	14,345	9,026	9,026
24,007	13,820	4,878	4,878
26,854	13,296	4,878	4,878
29,026	12,013	4,888	4,888
29,934	12,743	7,088	7,088
31,489	14,082	9,288	9,288
31,021	10,646	9,288	9,288
35,375	10,646	9,288	9,288
39,448	10,215	8,464	8,464
40,768	6,826	7,781	7,781
42,463	8,820	6,957	6,957
44,972	11,498	6,133	6,133
47,912	11,498	5,309	5,309
50,215	9,391	4,485	4,485
51,049	9,382	4,485	4,485
51,479	9,382	4,485	4,485
50,918	9,382	4,485	4,485
50,983	9,382	4,485	4,485
51,199	9,382	4,476	4,476
52,200	7,369	2,275	2,275
53,670	5,356	0,075	0,075
54,326	5,356	0,075	0,075
53,380	5,356	0,112	0,112
52,303	5,356	0,112	5,356
51,376	5,356	0,075	5,356
53,979	2,678	0,075	2,678
54,700	0,000	0,075	0,000
55,253	0,000	0,084	0,000
53,830	0,000	0,112	0,000
53,380	0,000	3,436	0,000
50,056	0,000	3,436	0,000
48,923	0,000	3,521	0,000
49,485	0,000	3,530	0,000
49,129	0,000	3,539	0,000
48,127	0,000	6,442	0,000
47,800	0,000	6,545	0,000
48,305	0,000	9,682	0,000
47,434	0,000	12,781	0,000
45,253	0,000	15,974	0,000
45,197	0,000	19,204	0,000
42,107	0,000	19,213	0,000
40,590	0,000	19,213	0,000
40,328	0,000	20,880	0,000
39,148	0,000	20,861	0,000
39,625	0,000	17,537	0,000
44,045	0,000	17,537	0,000
41,348	0,000	17,453	0,000
40,768	0,000	17,444	0,000
38,539	0,000	17,434	0,000
39,860	0,000	14,551	0,000
41,826	0,000	14,448	0,000
41,189	0,000	11,311	0,000
41,217	0,000	8,174	0,000
42,200	0,000	4,944	0,000
40,009	0,000	1,713	0,000
37,987	0,000	1,704	0,000
36,283	0,000	1,704	0,000
33,052	0,000	0,028	0,000
31,255	0,000	0,019	0,000
27,463	0,000	0,019	0,000
22,678	0,000	0,019	0,000
22,116	0,000	0,019	0,000
18,811	0,000	0,019	0,000
18,361	0,674	0,693	0,674
14,869	0,674	0,674	0,674
9,588	0,674	0,674	0,674
6,451	0,674	0,674	0,674
3,886	0,674	0,674	0,674
1,807	0,674	0,674	0,674
0,627	0,674	0,674	0,674
0,627	0,674	0,674	0,674
0,618	0,674	0,674	0,674
0,618	0,674	0,674	0,674
0,618	0,674	0,674	0,674
0,618	0,674	0,674	0,674
0,618	0,684	0,684	0,684
0,618	0,684	0,684	0,684
0,618	0,684	0,684	0,684
0,000	0,009	0,009	0,009
0,000	0,009	0,009	0,009
0,009	0,009	0,009	0,009
0,009	0,009	0,009	0,009
0,009	0,009	0,009	0,009
0,009	0,009	0,009	0,009
0,009	0,009	0,009	0,009
0,009	0,009	0,009	0,009
0,009	0,009	0,009	0,009
0,009	0,009	0,009	0,009
0,009	0,009	0,009	0,009
0,009	0,009	0,009	0,009
0,009	0,009	0,009	0,009
0,009	0,009	0,009	0,009
0,009	0,009	0,009	0,009
0,009	0,009	0,009	0,009
0,009	0,009	0,009	0,009
0,000	0,009	0,009	0,009
0,000	0,009	0,009	0,009
0,000	0,009	0,009	0,009
0,000	0,009	0,009	0,009
0,000	0,019	0,159	0,019
0,000	0,019	0,159	0,019
0,000	0,028	0,169	0,028
0,000	0,028	0,169	0,028
0,000	0,028	0,169	0,028
0,000	0,028	0,169	0,028
0,000	0,019	0,159	0,019
0,815	0,880	1,021	0,880
0,815	0,880	1,021	0,880
0,815	0,880	1,021	0,880
0,815	0,880	1,021	0,880
0,815	0,880	1,021	0,880
1,526	1,507	1,882	1,507
1,526	1,507	1,882	1,507
1,526	1,507	1,882	1,507
1,526	1,498	1,732	1,498
1,526	1,498	1,732	1,498
1,526	1,489	1,723	1,489
2,341	2,350	2,584	2,350
2,341	2,350	2,584	2,350
2,341	2,350	2,584	2,350
2,341	2,350	2,584	2,350
1,526	1,489	1,723	1,489
1,526	1,489	1,723	1,489
1,526	1,489	1,723	1,489
1,526	1,489	1,723	1,489
1,526	1,498	1,732	1,498
1,433	1,545	1,545	1,545
1,433	1,545	1,545	1,545
1,433	1,545	1,545	1,545
1,433	1,545	1,545	1,545
1,433	1,545	1,545	1,545
1,433	1,545	1,545	1,545
0,618	0,684	0,684	0,684
1,433	1,545	1,545	1,545
1,433	1,545	1,545	1,545
1,433	1,545	1,545	1,545
1,433	1,545	1,545	1,545
1,433	1,545	1,545	1,545
1,433	1,545	1,545	1,545
1,433	1,545	4,579	1,545
1,433	1,536	4,569	1,536
0,815	0,861	3,895	0,861
0,815	0,861	3,895	0,861
0,815	0,861	4,569	0,861
0,815	0,861	4,569	0,861
0,815	0,861	4,569	0,861
0,815	0,861	4,569	0,861
0,815	0,861	4,569	0,861
0,000	0,000	3,708	0,000
0,047	0,000	3,708	0,000
0,047	0,000	3,708	0,000
0,665	0,674	4,382	0,674
0,665	0,674	4,382	0,674
0,674	0,674	4,382	0,674
0,674	0,674	1,348	0,674
0,674	0,674	1,348	0,674
0,712	0,674	1,348	0,674
0,712	0,674	1,348	0,674
0,712	0,674	0,674	0,674
0,712	0,674	0,674	0,674
0,712	0,674	0,674	0,674
0,712	0,674	0,674	0,674
1,330	1,348	1,348	1,348
1,330	1,348	1,348	1,348
1,283	1,348	1,348	1,348
1,283	1,348	1,348	1,348
0,665	0,674	0,674	0,674
0,665	0,674	0,674	0,674
0,655	0,674	0,674	0,674
0,655	0,674	0,674	0,674
0,655	0,674	0,674	0,674
1,133	1,236	1,236	1,236
1,133	1,236	1,236	1,236
1,648	1,798	1,798	1,798
1,648	1,798	1,798	1,798
1,648	1,798	1,798	1,798
1,648	1,798	1,798	1,798
1,030	1,124	1,124	1,124
1,030	1,124	1,124	1,124
1,030	1,124	1,124	1,124
1,545	1,685	1,685	1,685
1,545	1,685	1,685	1,685
1,545	1,685	1,685	1,685
1,545	1,685	1,685	1,685
1,545	1,685	1,685	1,685
1,545	1,685	1,685	1,685
1,030	1,124	1,124	1,124
1,030	1,124	1,124	1,124
0,515	0,562	0,562	0,562
0,515	0,562	0,562	0,562
0,515	0,562	0,562	0,562
0,515	0,562	0,562	0,562
0,515	0,562	0,562	0,562
0,515	0,562	0,562	0,562
1,030	1,124	1,124	1,124
0,515	0,562	0,562	0,562
0,515	0,562	0,562	0,562
0,515	0,562	0,562	0,562
0,515	0,562	0,562	0,562
0,515	0,562	0,562	0,562
0,581	0,562	3,895	0,562
0,581	0,562	3,895	0,562
3,951	0,562	3,895	0,562
7,219	0,562	3,895	0,562
9,382	0,562	3,895	0,562
11,545	0,562	3,895	0,562
14,934	0,562	3,895	0,562
18,324	0,562	3,895	0,562
18,839	1,124	3,895	1,124
21,657	3,642	3,333	3,642
22,060	4,064	3,755	4,064
24,054	4,064	3,755	4,064
27,369	4,064	3,755	4,064
30,524	4,064	3,755	4,064
33,923	4,064	3,755	4,064
34,401	4,064	0,421	4,064
40,459	4,064	0,421	4,064
37,678	4,064	0,421	4,064
37,715	4,064	0,421	4,064
37,303	4,064	0,421	4,064
35,543	4,485	0,843	4,485
32,556	4,906	1,264	4,906
29,579	4,906	1,264	4,906
33,202	4,345	1,264	4,345
29,869	1,264	1,264	1,264
31,320	0,843	0,843	0,843
31,770	0,843	0,843	0,843
32,247	0,843	0,843	0,843
34,017	0,843	0,843	0,843
34,888	0,843	0,843	0,843
36,873	0,843	0,843	0,843
34,148	0,843	0,843	0,843
37,743	0,843	0,843	0,843
37,247	0,843	0,843	0,843
38,427	0,843	0,843	0,843
41,404	0,421	0,421	0,421
41,311	0,309	0,309	0,309
44,110	0,309	0,309	0,309
41,976	0,309	0,309	0,309
42,285	0,618	0,618	0,618
45,047	0,618	0,618	0,618
48,483	0,618	0,618	0,618
47,678	0,618	0,618	0,618
46,676	0,618	0,618	0,618
46,358	0,618	0,618	0,618
47,088	0,618	0,618	0,618
47,978	0,618	0,618	0,618
45,908	0,618	0,618	0,618
46,376	0,618	0,618	0,618
46,816	0,618	0,618	0,618
46,077	0,618	0,618	0,618
50,243	0,309	0,309	0,309
50,393	0,309	0,309	0,309
50,506	0,309	0,309	0,309
50,599	0,421	0,281	0,421
49,307	0,421	0,281	0,421
46,835	0,421	0,281	0,421
46,891	0,421	0,281	0,421
46,114	0,421	0,281	0,421
45,328	0,421	0,281	0,421
45,412	0,421	0,281	0,421
44,485	0,421	0,281	0,421
43,811	0,421	0,281	0,421
42,837	0,421	0,281	0,421
41,695	0,421	0,281	0,421
44,092	0,421	0,281	0,421
42,921	0,440	0,281	0,440
42,940	0,440	0,281	0,440
40,824	0,440	0,281	0,440
43,605	0,019	0,000	0,019
45,225	0,019	0,000	0,019
41,816	0,019	0,000	0,019
42,144	0,019	0,000	0,019
45,047	0,019	0,000	0,019
41,882	0,028	0,009	0,028
41,845	0,028	0,009	0,028
41,779	0,028	0,009	0,028
43,736	0,028	0,009	0,028
41,610	0,187	0,169	0,187
41,208	0,187	0,169	0,187
36,985	1,049	1,030	1,049
37,013	1,030	1,030	1,030
36,948	1,030	1,030	1,030
39,822	1,030	1,030	1,030
37,453	1,891	1,891	1,891
33,867	1,891	1,891	1,891
38,062	1,891	1,891	1,891
34,691	1,901	1,901	1,901
31,966	1,901	1,901	1,901
34,738	1,891	1,891	1,891
32,397	2,875	2,875	2,875
32,772	2,875	2,875	2,875
30,122	2,875	2,875	2,875
29,944	2,715	2,715	2,715
31,414	2,715	2,715	2,715
35,646	1,854	1,854	1,854
35,440	1,854	1,854	1,854
34,223	1,854	1,854	1,854
33,624	1,854	1,854	1,854
37,378	0,993	0,993	0,993
39,279	0,993	0,993	0,993
38,464	0,993	0,993	0,993
41,816	0,983	0,983	0,983
41,919	0,983	0,983	0,983
42,818	0,983	0,983	0,983
46,255	0,000	0,000	0,000
46,058	0,000	0,000	0,000
48,680	0,000	0,000	0,000
50,225	0,000	0,000	0,000
50,787	0,000	0,000	0,000
48,184	0,000	0,000	0,000
49,082	0,000	0,000	0,000
50,421	0,000	0,000	0,000
51,751	0,000	0,000	0,000
50,468	0,000	0,000	0,000
49,757	0,000	0,000	0,000
49,579	0,000	0,000	0,000
49,429	0,000	0,000	0,000
46,002	0,000	0,000	0,000
44,466	0,000	0,000	0,000
44,579	0,000	0,000	0,000
44,429	0,000	0,000	0,000
41,058	0,000	0,000	0,000
42,903	0,000	0,000	0,000
42,378	0,000	0,000	0,000
44,494	0,000	0,000	0,000
43,811	0,000	0,000	0,000
43,773	0,000	0,000	0,000
40,384	0,000	0,000	0,000
37,509	0,000	0,000	0,000
35,272	0,309	0,309	0,309
35,487	0,309	0,309	0,309
35,730	0,309	0,309	0,309
36,039	0,618	0,618	0,618
37,303	0,618	0,618	0,618
36,049	0,618	0,618	0,618
36,451	0,618	0,618	0,618
40,037	0,618	0,618	0,618
41,142	0,618	0,618	0,618
37,987	0,777	0,777	0,777
36,863	0,777	0,777	0,777
37,575	0,777	0,777	0,777
37,509	0,777	0,777	0,777
40,000	0,777	0,777	0,777
39,944	0,777	0,777	0,777
42,959	0,468	0,468	0,468
42,996	0,468	0,468	0,468
41,854	0,468	0,468	0,468
44,766	0,159	0,159	0,159
44,616	0,159	0,159	0,159
44,728	0,159	0,159	0,159
44,354	0,159	0,159	0,159
44,082	0,159	0,159	0,159
44,401	0,159	0,159	0,159
44,223	0,009	0,009	0,009
43,502	0,009	0,009	0,009
42,818	0,009	0,009	0,009
42,781	0,009	0,009	0,009
40,346	0,009	0,009	0,009
44,831	0,009	0,009	0,009
44,747	0,009	0,009	0,009
45,009	0,009	0,009	0,009
45,253	0,009	0,009	0,009
44,373	0,009	0,009	0,009
44,438	0,009	0,009	0,009
41,882	0,871	0,871	0,871
39,682	0,871	0,871	0,871
41,245	0,871	0,871	0,871
39,888	0,871	0,871	0,871
39,888	0,861	0,861	0,861
40,375	0,861	0,861	0,861
40,749	0,861	0,861	0,861
39,579	0,861	0,861	0,861
39,869	0,861	0,861	0,861
35,787	0,861	0,861	0,861
37,154	0,861	0,861	0,861
38,024	0,861	0,861	0,861
38,848	0,861	0,861	0,861
37,828	0,861	0,861	0,861
37,519	0,861	0,861	0,861
39,663	0,000	0,000	0,000
41,854	0,000	0,000	0,000
40,215	0,000	0,000	0,000
37,378	0,674	0,674	0,674
42,856	0,674	0,674	0,674
42,444	0,674	0,674	0,674
43,137	0,674	0,674	0,674
43,380	0,674	0,674	0,674
44,766	0,674	0,674	0,674
46,723	0,674	0,674	0,674
46,255	0,674	0,674	0,674
42,285	1,348	1,348	1,348
38,914	1,348	1,348	1,348
41,816	1,348	1,348	1,348
44,148	1,348	1,348	1,348
44,448	1,348	1,348	1,348
45,122	1,348	1,348	1,348
42,397	1,910	1,826	1,910
45,506	1,236	1,152	1,236
40,028	1,236	1,152	1,236
37,238	1,236	1,152	1,236
32,800	1,236	1,152	1,236
32,378	1,236	1,152	1,236
30,431	1,236	1,152	1,236
30,768	1,236	1,152	1,236
26,629	1,236	1,152	1,236
28,567	0,562	0,478	0,562
33,942	0,562	0,478	0,562
29,719	0,562	0,478	0,562
27,650	0,562	0,478	0,562
27,631	0,562	0,478	0,562
26,788	0,562	0,478	0,562
29,597	0,000	0,000	0,000
26,152	0,000	0,000	0,000
27,903	0,000	0,000	0,000
31,545	0,000	0,000	0,000
33,699	0,000	0,000	0,000
37,828	0,000	0,000	0,000
37,828	0,000	0,000	0,000
37,051	0,000	0,000	0,000
40,178	0,000	0,000	0,000
40,047	0,000	0,000	0,000
38,015	0,000	0,000	0,000
41,133	0,000	0,000	0,000
41,676	0,000	0,000	0,000
41,901	0,000	0,000	0,000
42,004	0,009	0,000	0,009
39,869	1,311	0,028	1,311
40,777	2,612	2,219	2,612
40,215	3,914	2,219	3,914
37,257	4,597	2,219	4,597
35,787	5,281	2,219	5,281
32,154	7,715	2,219	7,715
35,084	10,684	2,219	10,684
33,539	11,564	2,219	11,564
31,142	12,444	2,219	12,444
32,182	15,890	2,219	15,890
32,303	19,335	2,219	19,335
32,406	22,612	2,266	22,612
31,816	25,890	2,266	25,890
31,610	29,288	2,266	29,288
31,657	32,678	2,266	32,678
33,727	34,775	2,238	34,775
35,796	36,873	0,047	0,047
37,191	37,837	0,047	0,047
39,092	39,419	0,066	0,066
39,841	40,028	0,066	0,066
38,830	38,886	0,066	0,066
38,249	38,006	0,066	0,066
39,335	38,839	0,066	0,066
39,888	39,298	0,112	0,112
37,706	37,191	2,069	2,069
36,573	36,208	2,069	2,069
35,684	35,393	2,022	2,022
34,794	34,579	2,022	2,022
32,903	32,566	2,022	2,022
30,393	29,972	2,022	2,022
30,009	29,204	2,022	2,022
29,625	28,436	2,022	2,022
29,916	28,801	2,022	2,022
30,206	29,167	4,260	4,260
31,648	30,506	4,260	4,260
33,586	32,734	6,273	6,273
32,650	32,013	6,273	6,273
32,416	31,742	6,273	6,273
33,034	32,369	6,227	6,227
33,652	32,996	4,270	4,270
33,221	32,500	4,270	4,270
33,333	32,303	4,270	4,270
32,556	31,582	4,270	4,270
32,743	31,938	4,270	4,270
33,708	32,687	4,270	4,270
32,547	31,610	6,386	6,386
31,386	30,534	9,579	9,579
30,899	30,197	9,579	9,579
30,356	29,869	7,322	7,322
29,625	29,466	7,322	7,322
28,380	28,071	5,309	5,309
29,092	28,830	5,309	5,309
29,635	29,513	5,309	5,309
29,860	29,672	5,309	5,309
29,785	29,541	5,309	5,309
29,888	29,373	5,309	5,309
29,448	28,904	5,309	5,309
29,897	28,961	5,309	5,309
29,494	28,240	5,309	5,309
31,152	30,084	5,309	5,309
32,809	31,929	3,193	3,193
33,558	32,912	0,000	0,000
33,633	33,155	0,000	0,000
32,959	32,584	0,000	0,000
32,472	32,088	0,000	0,000
31,255	31,011	2,154	2,154
30,037	29,934	2,154	2,154
29,316	29,251	2,154	2,154
29,569	29,401	2,154	2,154
30,122	29,841	2,397	2,397
30,496	30,318	2,397	2,397
30,300	30,234	2,397	2,397
30,103	30,150	2,397	2,397
30,758	30,843	2,397	2,397
28,895	28,858	2,397	2,397
28,989	25,459	2,397	2,397
27,322	23,699	2,397	2,397
28,155	24,504	2,397	2,397
28,586	24,944	2,800	2,800
29,017	25,384	2,856	2,856
32,210	24,335	0,702	0,702
35,403	23,287	0,702	0,702
38,099	21,845	0,702	0,702
39,822	19,569	0,702	0,702
39,616	19,382	0,459	0,459
39,410	19,195	0,459	0,459
41,685	17,481	0,459	0,459
43,212	18,961	0,459	0,459
44,738	20,440	0,459	0,459
45,234	21,011	0,459	0,459
43,773	22,996	0,459	0,459
46,199	25,581	0,459	0,459
45,037	24,560	0,459	0,459
46,217	22,416	0,056	0,056
45,712	21,854	0,000	0,000
43,193	23,464	3,268	3,268
41,386	25,852	3,268	3,268
40,768	25,871	3,268	3,268
40,122	25,871	3,268	3,268
40,225	26,227	3,268	3,268
40,328	26,582	3,268	3,268
37,032	27,706	3,268	3,268
37,191	24,513	3,268	3,268
37,350	21,320	3,268	3,268
38,652	22,659	3,268	3,268
39,953	23,998	3,277	3,277
40,075	20,646	3,277	3,277
41,283	18,333	3,277	3,277
41,358	18,315	3,277	3,277
43,118	16,713	3,277	3,277
41,760	15,375	0,009	0,009
39,691	13,258	0,009	0,009
39,691	16,657	0,009	0,009
39,719	20,075	0,009	0,009
40,037	20,150	0,009	0,009
40,618	20,281	0,009	0,009
39,897	19,270	0,009	0,009
38,258	20,946	0,009	0,009
35,300	21,498	2,013	2,013
32,528	18,727	3,989	3,989
32,706	21,498	3,979	3,979
32,846	27,584	3,979	3,979
32,987	33,670	3,979	3,979
33,315	36,901	3,979	3,979
33,305	40,112	3,979	3,979
35,375	41,948	3,979	3,979
36,807	43,502	3,979	3,979
34,981	41,910	3,979	3,979
33,155	40,318	3,979	3,979
32,996	40,234	3,979	3,979
32,575	40,094	3,979	3,979
33,989	41,788	3,979	3,979
34,045	42,116	3,979	3,979
35,421	43,567	1,976	1,976
36,779	43,015	0,000	0,000
35,187	36,919	0,000	0,000
35,169	30,824	0,000	0,000
33,858	27,013	0,000	0,000
32,360	26,058	0,000	0,000
31,199	25,122	0,000	0,000
32,088	26,564	0,000	0,000
33,614	28,287	0,000	0,000
34,195	28,689	0,000	0,000
35,169	29,494	0,000	0,000
36,142	27,088	0,000	0,000
37,116	24,682	0,000	0,000
36,049	23,474	0,000	0,000
34,551	22,069	0,000	0,000
34,616	21,901	3,277	3,277
34,700	23,736	6,554	6,554
36,105	27,088	6,554	6,554
35,936	30,440	6,554	6,554
37,060	31,507	6,554	6,554
38,184	32,575	6,554	6,554
37,640	31,657	6,554	6,554
36,086	29,476	6,554	6,554
35,627	28,549	6,554	6,554
34,925	27,697	6,554	6,554
33,830	26,442	6,554	6,554
31,957	27,790	6,554	6,554
30,084	29,139	6,554	6,554
33,109	28,539	6,554	6,554
34,579	29,850	6,554	6,554
34,485	29,925	3,277	3,277
34,391	30,000	0,000	0,000
32,856	28,502	0,000	0,000
32,912	28,483	0,000	0,000
32,968	28,464	0,000	0,000
33,127	28,436	1,311	1,311
34,953	30,393	1,311	1,311
36,788	32,575	1,311	1,311
37,257	33,493	3,427	3,427
38,914	35,655	6,742	6,742
37,481	34,345	6,742	6,742
37,509	34,532	6,742	6,742
37,537	34,719	6,742	6,742
35,665	36,283	6,742	6,742
35,346	35,936	6,742	6,742
36,133	36,657	6,742	6,742
36,919	37,378	6,742	6,742
37,828	38,155	6,742	6,742
37,144	37,453	8,811	8,811
33,792	34,120	10,880	10,880
30,337	30,796	9,775	9,775
30,047	30,758	9,775	9,775
30,019	27,210	9,775	9,775
30,187	23,670	7,659	7,659
30,365	23,324	4,345	4,345
31,938	24,944	4,345	4,345
33,493	23,380	4,345	4,345
31,929	21,816	4,345	4,345
33,783	20,253	4,345	4,345
32,219	18,689	4,345	4,345
29,551	16,058	4,345	4,345
26,882	13,427	4,345	4,345
24,213	10,796	4,345	4,345
21,545	8,165	2,275	2,275
21,545	8,165	0,206	0,206
21,545	8,165	0,000	0,000
18,380	4,878	0,000	0,000
15,122	5,037	0,159	0,159
11,760	5,037	0,159	0,159
8,390	1,845	0,159	0,159
6,713	0,159	0,159	0,159
3,596	0,169	0,169	0,169
3,596	0,169	0,169	0,169
0,178	0,169	0,169	0,169
0,178	0,169	0,169	0,169
0,262	0,169	0,169	0,169
0,262	0,169	0,169	0,169
0,262	0,169	0,169	0,169
0,262	0,169	0,169	0,169
0,262	0,169	0,169	0,169
0,262	0,169	0,169	0,169
0,262	0,178	0,178	0,178
0,084	0,019	0,019	0,019
0,084	0,019	0,019	0,019
0,084	0,028	0,028	0,028
0,084	0,028	0,028	0,028
0,084	0,019	0,019	0,019
0,084	0,019	0,019	0,019
0,084	0,019	0,019	0,019
0,084	0,019	0,019	0,019
0,000	0,019	0,019	0,019
0,000	0,019	0,019	0,019
0,000	0,019	0,019	0,019
0,000	0,019	0,019	0,019
0,000	0,019	0,019	0,019
0,000	0,019	0,019	0,019
0,000	0,009	0,009	0,009
0,000	0,009	0,009	0,009
0,000	0,019	0,019	0,019
0,000	0,009	0,009	0,009
0,000	0,009	0,009	0,009
0,000	0,009	0,009	0,009
0,000	0,009	0,009	0,009
0,000	0,009	0,009	0,009
0,000	0,009	0,009	0,009
0,000	0,009	0,009	0,009
0,000	0,009	0,009	0,009
0,000	0,009	0,009	0,009
0,000	0,009	0,009	0,009
0,000	0,009	0,009	0,009
0,000	0,009	0,009	0,009
0,000	0,009	0,009	0,009
0,618	0,684	0,684	0,684
0,618	0,674	0,674	0,674
0,618	0,674	0,674	0,674
0,618	0,674	0,674	0,674
0,618	0,674	0,674	0,674
0,618	0,674	0,674	0,674
0,618	0,674	0,674	0,674
0,618	0,674	0,674	0,674
0,618	0,674	0,674	0,674
0,618	0,674	0,674	0,674
0,618	0,674	0,674	0,674
1,236	1,348	1,348	1,348
1,236	1,348	1,348	1,348
1,236	1,348	1,348	1,348
1,751	1,910	1,910	1,910
1,133	1,236	1,236	1,236
1,133	1,236	1,236	1,236
1,648	1,798	1,798	1,798
1,648	1,798	1,798	1,798
1,648	1,798	1,798	1,798
1,648	1,798	1,798	1,798
1,648	1,798	1,798	1,798
1,648	1,798	1,798	1,798
2,163	2,360	2,360	2,360
2,163	2,360	2,360	2,360
2,163	2,360	2,360	2,360
1,545	1,685	1,685	1,685
1,545	1,685	1,685	1,685
1,545	1,685	1,685	1,685
1,030	1,124	1,124	1,124
1,030	1,124	1,124	1,124
1,030	1,124	1,124	1,124
0,515	0,562	0,562	0,562
0,515	0,562	0,562	0,562
0,515	0,562	0,562	0,562
0,515	0,562	0,562	0,562
0,524	0,562	0,562	0,562
0,524	0,562	0,562	0,562
0,009	0,000	0,000	0,000
0,009	0,000	0,000	0,000
0,009	0,000	0,000	0,000
0,009	0,000	0,000	0,000
0,009	0,000	0,000	0,000
0,009	0,000	0,000	0,000
0,009	0,000	0,000	0,000
0,009	0,000	0,000	0,000
0,009	0,000	0,000	0,000
0,009	0,000	0,000	0,000
0,009	0,000	0,000	0,000
0,009	0,000	0,000	0,000
0,009	0,000	0,000	0,000
0,000	0,000	0,000	0,000
0,000	0,000	0,000	0,000
0,140	0,000	0,000	0,000
0,140	0,000	0,000	0,000
0,140	0,000	0,000	0,000
0,140	0,000	0,000	0,000
0,140	0,000	0,000	0,000
0,140	0,000	0,000	0,000
0,140	0,000	0,000	0,000
0,140	0,000	0,000	0,000
0,140	0,000	0,000	0,000
0,140	0,000	0,000	0,000
0,140	0,000	0,000	0,000
0,140	0,000	0,000	0,000
0,140	0,000	0,000	0,000
0,140	0,000	0,000	0,000
0,140	0,000	0,000	0,000
0,000	0,000	0,000	0,000
0,964	0,983	0,983	0,983
0,964	0,983	0,983	0,983
0,964	0,983	0,983	0,983
0,964	0,983	0,983	0,983
0,964	0,983	0,983	0,983
0,983	0,983	0,993	0,983
0,983	0,983	0,993	0,983
0,983	0,983	0,993	0,983
0,983	0,983	0,993	0,983
0,983	0,983	0,993	0,983
0,983	0,983	0,993	0,983
0,983	0,983	0,993	0,983
1,021	0,983	0,993	0,983
3,464	0,983	0,993	0,983
6,835	0,983	0,993	0,983
9,017	0,000	0,009	0,000
12,163	0,000	0,009	0,000
15,721	1,901	0,009	1,901
19,232	5,365	0,009	5,365
22,650	5,365	0,009	5,365
25,861	5,365	0,000	5,365
29,757	5,365	0,000	5,365
30,412	5,365	0,000	5,365
35,281	5,365	0,225	5,365
40,150	5,365	1,994	5,365
41,601	6,788	1,994	6,788
43,052	8,212	1,994	8,212
44,466	9,635	1,994	9,635
43,474	11,058	1,994	11,058
41,114	11,058	1,994	11,058
40,637	11,058	1,994	11,058
40,552	11,058	1,994	11,058
40,281	9,157	1,994	9,157
40,215	5,693	1,994	5,693
40,356	5,693	1,994	5,693
37,125	5,702	2,004	5,702
37,294	5,702	2,004	5,702
40,028	5,702	2,004	5,702
36,451	6,994	1,779	6,994
34,532	7,004	0,009	7,004
36,330	5,590	0,009	5,590
35,197	4,522	0,009	4,522
36,835	3,099	0,009	3,099
38,699	1,676	0,009	1,676
40,094	1,676	0,009	1,676
40,721	1,676	0,009	1,676
40,936	1,676	0,009	1,676
37,650	1,676	0,009	1,676
38,792	1,676	0,009	1,676
39,110	1,676	0,009	1,676
42,547	1,667	0,000	1,667
41,301	1,667	0,000	1,667
38,895	1,667	0,000	1,667
40,740	0,375	0,000	0,375
41,114	0,365	0,000	0,365
41,199	0,356	0,000	0,356
44,223	0,056	0,000	0,056
45,684	0,066	0,000	0,066
45,730	0,066	0,000	0,066
43,324	0,066	0,000	0,066
41,938	0,066	0,000	0,066
42,247	0,066	0,000	0,066
45,543	0,066	0,000	0,066
40,955	0,066	0,000	0,066
40,356	0,066	0,000	0,066
38,287	0,066	0,000	0,066
37,715	0,066	0,000	0,066
40,084	0,066	0,000	0,066
40,187	0,066	0,000	0,066
41,152	0,066	0,000	0,066
40,927	0,066	0,000	0,066
40,843	0,009	0,000	0,009
39,532	0,000	0,000	0,000
39,597	0,000	0,000	0,000
42,959	0,009	0,000	0,009
42,640	0,009	0,000	0,009
41,236	0,009	0,000	0,009
42,706	0,009	0,000	0,009
45,215	0,009	0,000	0,009
45,112	0,009	0,000	0,009
48,493	0,009	0,000	0,009
49,607	0,009	0,000	0,009
49,569	0,009	0,000	0,009
49,307	0,009	0,000	0,009
48,399	0,056	0,000	0,056
50,262	0,056	0,000	0,056
48,895	0,056	0,000	0,056
49,176	0,056	0,000	0,056
49,176	0,056	0,000	0,056
48,689	0,066	0,000	0,066
50,702	0,066	0,000	0,066
51,788	0,066	0,000	0,066
50,712	0,075	0,000	0,075
51,507	0,075	0,000	0,075
51,479	0,075	0,000	0,075
49,888	0,075	0,000	0,075
49,869	0,075	0,000	0,075
49,597	0,075	0,000	0,075
50,122	0,075	0,000	0,075
50,075	0,028	0,000	0,028
50,019	0,028	0,000	0,028
52,079	0,028	0,000	0,028
51,236	0,028	0,000	0,028
51,086	0,028	0,000	0,028
51,498	0,009	0,000	0,009
51,938	0,009	0,000	0,009
51,845	0,009	0,000	0,009
51,657	0,000	0,000	0,000
51,667	0,000	0,000	0,000
51,414	0,000	0,000	0,000
50,009	0,000	0,000	0,000
50,150	0,000	0,000	0,000
50,581	0,000	0,000	0,000
50,552	0,000	0,000	0,000
50,468	0,000	0,000	0,000
48,801	0,000	0,037	0,000
48,184	0,000	0,037	0,000
48,839	0,000	0,037	0,000
48,689	3,324	0,037	3,324
48,530	6,648	0,094	6,648
44,485	6,648	0,290	6,648
41,554	6,910	0,880	6,910
38,296	7,172	1,470	7,172
37,949	10,103	1,470	10,103
37,041	11,891	1,470	11,891
38,624	11,891	1,470	11,891
38,493	11,901	1,470	11,901
38,371	11,910	5,346	11,910
38,146	11,910	5,346	11,910
38,193	11,910	5,346	11,910
36,835	11,910	5,309	11,910
36,011	11,910	5,309	11,910
37,931	11,910	5,309	11,910
38,165	8,586	5,309	5,309
37,809	5,262	5,253	5,253
39,635	5,262	5,056	5,056
42,659	5,000	4,466	4,466
46,358	4,738	3,876	3,876
47,135	1,807	3,876	3,876
48,530	0,019	3,876	3,876
48,755	0,019	3,876	3,876
49,017	0,009	3,876	3,876
50,272	0,000	0,000	0,000
50,618	0,000	0,000	0,000
49,813	0,000	0,000	0,000
50,571	0,000	0,000	0,000
51,264	0,000	0,000	0,000
49,204	0,000	0,000	0,000
49,101	0,000	0,000	0,000
48,184	0,000	0,000	0,000
49,569	0,000	0,000	0,000
51,086	0,000	0,000	0,000
48,652	0,000	0,000	0,000
48,221	0,000	0,000	0,000
48,184	0,000	0,000	0,000
47,978	0,009	0,000	0,009
45,824	0,009	0,000	0,009
44,307	0,009	0,000	0,009
43,923	0,009	0,000	0,009
45,468	0,009	0,000	0,009
46,067	0,009	0,000	0,009
44,906	0,009	0,000	0,009
45,084	0,047	0,000	0,047
45,197	0,084	0,000	0,084
46,713	0,122	0,000	0,122
46,873	0,159	0,000	0,159
45,459	0,197	0,000	0,197
47,322	0,234	0,000	0,234
45,899	2,004	0,000	2,004
43,464	2,800	0,000	2,800
41,021	3,586	3,755	3,586
40,468	4,382	7,509	4,382
38,287	5,178	7,509	5,178
35,983	5,974	7,509	5,974
33,661	7,463	7,509	7,463
31,320	8,277	7,715	8,277
30,187	9,092	7,725	9,092
28,858	11,049	10,964	11,049
27,528	13,006	10,964	13,006
27,650	16,320	10,964	16,320
27,603	19,738	11,208	19,738
27,556	23,155	12,790	23,155
27,509	26,573	14,373	26,573
28,942	28,258	15,955	28,258
31,358	30,918	16,002	30,918
30,702	30,431	12,247	30,431
31,929	31,592	10,581	31,592
33,155	32,753	10,581	10,581
32,247	31,957	10,581	10,581
32,200	32,350	10,581	10,581
32,959	33,418	10,375	10,375
32,584	33,090	12,060	12,060
31,077	31,582	8,820	8,820
29,569	30,075	8,820	8,820
26,077	26,723	9,045	9,045
23,670	24,213	8,801	8,801
20,346	20,758	7,219	7,219
17,022	17,303	5,637	5,637
13,699	13,848	7,519	7,519
10,599	10,655	7,472	7,472
10,346	10,346	7,622	7,622
9,757	10,234	5,684	5,684
9,167	10,122	6,330	6,330
10,712	11,966	7,125	7,125
10,590	11,929	10,468	10,468
10,468	11,891	10,609	10,609
10,309	11,742	9,869	9,869
10,150	11,592	10,028	10,028
12,472	13,839	10,028	10,028
15,693	17,032	9,803	9,803
17,996	19,279	9,803	9,803
19,644	20,927	9,803	9,803
22,931	24,326	11,199	11,199
26,217	27,725	7,734	7,734
29,279	30,861	7,734	7,734
32,566	34,260	8,830	8,830
34,307	35,815	8,680	8,680
35,833	37,322	11,536	11,536
37,360	38,830	10,946	10,946
38,886	40,337	11,142	11,142
38,839	39,775	11,002	11,002
41,648	42,800	13,212	13,212
44,457	45,824	16,217	16,217
43,727	45,103	19,382	19,382
42,631	43,923	19,382	19,382
42,594	44,176	22,762	22,762
44,167	45,768	26,142	26,142
41,358	42,734	28,127	28,127
39,345	40,618	28,127	28,127
37,406	38,577	28,127	28,127
35,468	36,536	26,882	26,882
34,073	35,159	29,092	29,092
32,519	33,408	25,590	25,590
30,964	31,657	25,384	25,384
29,410	29,906	21,845	21,845
29,429	30,225	21,845	21,845
29,700	30,150	18,680	18,680
27,537	27,949	15,543	15,543
26,433	27,097	12,378	12,378
26,096	26,639	14,513	14,513
24,700	24,747	13,315	13,315
23,268	23,062	9,934	9,934
26,021	26,049	6,554	6,554
27,978	28,118	6,554	6,554
27,809	27,996	6,554	6,554
27,640	27,875	6,554	6,554
25,815	25,908	6,489	6,489
24,363	24,363	6,554	6,554
24,335	24,251	6,554	6,554
24,307	24,139	6,554	6,554
25,993	25,796	9,775	9,775
22,828	22,865	9,775	9,775
22,097	22,060	9,747	9,747
22,706	22,500	9,747	9,747
23,081	23,071	7,612	7,612
21,807	22,154	7,013	7,013
21,433	21,976	7,013	7,013
19,616	20,000	7,013	7,013
17,612	18,127	7,013	7,013
18,717	19,335	7,013	7,013
19,307	19,897	9,167	9,167
20,702	21,367	7,022	7,022
21,554	22,200	6,957	6,957
21,311	21,948	6,957	6,957
21,067	21,695	6,957	6,957
19,110	19,672	3,736	3,736
20,066	20,552	5,721	5,721
21,021	21,433	7,790	7,790
20,637	21,067	9,860	9,860
19,719	20,178	11,929	11,929
20,449	20,777	10,346	10,346
20,506	20,777	10,346	10,346
22,519	22,790	10,346	10,346
24,719	24,700	10,346	10,346
25,861	25,646	10,346	10,346
26,189	26,142	8,193	8,193
28,034	27,921	8,193	8,193
29,148	29,223	8,193	8,193
29,373	29,354	8,193	8,193
29,757	29,822	8,193	8,193
30,140	30,290	8,193	8,193
30,524	30,758	6,208	6,208
30,908	31,227	6,199	6,199
31,292	31,695	4,157	4,157
32,622	32,687	2,088	2,088
33,951	33,680	2,088	2,088
35,056	34,532	2,088	2,088
34,204	33,371	2,088	2,088
32,069	31,461	2,088	2,088
29,934	29,551	2,088	2,088
29,223	28,530	2,088	2,088
27,303	26,498	2,088	2,088
26,451	25,534	2,088	2,088
26,161	25,393	4,167	4,167
25,712	24,916	6,208	6,208
27,491	26,610	6,386	6,386
29,270	28,305	6,564	6,564
29,747	28,708	7,921	7,921
30,225	29,110	7,893	7,893
29,757	28,989	7,893	7,893
29,288	28,867	7,893	7,893
28,820	28,745	7,893	7,893
28,352	28,624	7,893	7,893
29,167	29,251	7,921	7,921
31,199	31,227	11,283	11,283
33,137	33,408	11,283	11,283
35,075	35,590	11,283	11,283
36,227	36,751	11,283	11,283
36,901	37,322	9,204	9,204
37,987	38,493	9,204	9,204
36,845	37,491	9,026	9,026
35,702	36,489	8,848	8,848
36,704	37,631	5,431	5,431
34,654	35,562	5,431	5,431
33,137	34,148	7,603	7,603
34,270	35,225	7,603	7,603
35,730	36,489	7,603	7,603
37,191	37,753	7,603	7,603
38,652	39,017	7,575	7,575
36,948	37,238	7,500	7,500
35,243	35,459	7,500	7,500
33,886	33,876	9,644	9,644
33,521	33,361	11,723	11,723
32,968	32,856	11,723	11,723
32,004	31,751	9,682	9,682
32,013	31,536	9,682	9,682
32,022	31,320	9,682	9,682
31,189	30,253	9,682	9,682
33,024	32,182	9,682	9,682
35,393	34,513	7,509	7,509
35,112	34,354	10,019	10,019
34,504	34,007	10,019	10,019
33,895	33,661	10,019	10,019
31,901	31,985	10,019	10,019
31,948	32,013	6,732	6,732
33,652	33,745	6,732	6,732
35,009	35,281	7,875	7,875
36,367	36,816	5,796	5,796
38,361	38,989	5,796	5,796
40,356	41,161	5,796	5,796
41,376	42,444	5,796	5,796
41,199	42,303	5,796	5,796
41,199	42,397	5,796	5,796
42,762	43,895	5,796	5,796
43,258	44,335	7,809	7,809
42,837	43,989	5,300	5,300
42,416	43,642	5,300	5,300
41,994	43,296	5,300	5,300
42,959	44,279	7,360	7,360
43,137	42,575	7,360	7,360
43,034	39,167	7,360	7,360
43,951	35,758	4,073	4,073
44,869	32,350	4,073	4,073
41,573	28,886	4,073	4,073
38,277	25,421	4,073	4,073
34,981	21,957	4,073	4,073
32,884	19,916	4,073	4,073
30,609	17,640	4,073	4,073
27,154	14,176	4,073	4,073
23,699	10,712	2,060	2,060
21,161	8,034	2,060	2,060
18,624	5,356	2,060	2,060
16,086	2,678	2,060	2,060
13,549	0,000	0,000	0,000
11,704	0,000	0,000	0,000
8,483	0,000	0,000	0,000
4,242	0,000	0,000	0,000
0,309	0,309	0,309	0,309
0,309	0,309	0,309	0,309
0,309	0,309	0,309	0,309
0,309	0,309	0,309	0,309
3,699	3,680	1,292	3,680
3,699	3,680	1,292	3,680
3,699	3,680	1,292	3,680
3,699	3,680	1,292	3,680
3,699	3,680	1,292	3,680
3,699	3,680	1,292	3,680
3,699	3,680	1,292	3,680
3,699	3,680	1,292	3,680
3,699	3,680	1,292	3,680
3,699	3,680	1,292	3,680
3,699	3,680	1,292	3,680
3,390	3,371	0,983	3,371
3,390	3,371	0,983	3,371
3,390	3,371	0,983	3,371
3,390	3,371	0,983	3,371
0,000	0,000	0,000	0,000
0,000	0,000	0,000	0,000
0,000	0,000	0,000	0,000
0,000	0,000	0,000	0,000
0,964	0,983	0,983	0,983
0,964	0,983	0,983	0,983
0,964	0,983	0,983	0,983
0,964	0,983	0,983	0,983
0,964	0,983	0,993	0,983
0,964	0,983	0,993	0,983
0,964	0,983	0,993	0,983
0,964	0,983	0,993	0,983
0,964	0,983	0,993	0,983
0,964	0,983	0,993	0,983
0,964	0,983	0,993	0,983
1,582	1,657	1,526	1,657
1,582	1,657	1,526	1,657
1,582	1,667	1,536	1,667
1,582	1,667	1,536	1,667
0,618	0,684	0,552	0,684
0,618	0,684	0,552	0,684
0,618	0,684	0,552	0,684
0,618	0,684	0,552	0,684
0,618	0,684	0,543	0,684
0,618	0,684	0,543	0,684
0,618	0,684	0,543	0,684
0,618	0,684	0,543	0,684
0,618	0,684	0,543	0,684
0,618	0,684	0,543	0,684
0,618	0,684	0,543	0,684
0,000	0,009	0,009	0,009
0,000	0,009	0,009	0,009
0,000	0,000	0,000	0,000
0,000	0,000	0,000	0,000
0,000	0,000	0,000	0,000
0,000	0,000	0,000	0,000
0,000	0,000	0,000	0,000
0,515	0,562	0,562	0,562
0,515	0,562	0,562	0,562
0,515	0,562	0,562	0,562
0,515	0,562	0,562	0,562
0,515	0,562	0,562	0,562
0,515	0,562	0,562	0,562
0,515	0,562	0,562	0,562
0,824	0,871	0,871	0,871
0,824	0,871	0,871	0,871
1,227	1,292	1,292	1,292
1,227	1,292	1,292	1,292
1,227	1,292	1,292	1,292
1,227	1,292	1,292	1,292
1,227	1,292	1,292	1,292
1,227	1,292	1,292	1,292
0,712	0,730	0,730	0,730
0,712	0,730	0,730	0,730
0,712	0,730	0,730	0,730
0,712	0,730	0,730	0,730
0,712	0,730	0,730	0,730
0,712	0,730	0,730	0,730
0,712	0,730	0,730	0,730
0,403	0,421	0,421	0,421
0,403	0,421	0,421	0,421
0,000	0,000	0,000	0,000
0,000	0,000	0,000	0,000
0,000	0,000	0,000	0,000
0,000	0,000	0,000	0,000
0,309	0,309	0,309	0,309
0,309	0,309	0,309	0,309
0,309	0,309	0,309	0,309
0,309	0,309	0,309	0,309
0,309	0,309	0,309	0,309
0,309	0,309	0,309	0,309
0,309	0,309	0,309	0,309
0,309	0,309	0,309	0,309
0,309	0,309	0,309	0,309
0,309	0,309	0,309	0,309
0,309	0,309	0,309	0,309
0,309	0,309	0,309	0,309
0,309	0,309	0,309	0,309
0,309	0,309	0,309	0,309
0,309	0,309	0,309	0,309
0,000	0,000	0,000	0,000
0,000	0,000	0,000	0,000
0,000	0,000	0,000	0,000
0,000	0,000	0,000	0,000
0,000	0,000	0,000	0,000
0,000	0,000	0,000	0,000
0,000	0,000	0,000	0,000
0,000	0,000	0,000	0,000
0,609	0,721	0,000	0,721
0,609	0,721	0,000	0,721
0,609	0,721	0,187	0,721
0,609	0,730	0,375	0,730
0,609	0,730	0,375	0,730
0,609	0,730	0,375	0,730
0,609	0,740	0,384	0,740
0,609	0,740	0,384	0,740
1,227	1,414	1,058	1,414
1,227	1,414	1,058	1,414
1,227	1,414	1,058	1,414
1,227	1,414	1,058	1,414
1,227	1,414	1,058	1,414
1,227	1,414	1,058	1,414
1,227	1,414	1,058	1,414
0,618	0,693	1,058	0,693
0,618	0,693	1,058	0,693
0,618	0,693	0,871	0,693
0,618	0,684	0,684	0,684
0,618	0,684	0,684	0,684
0,618	0,684	0,684	0,684
0,618	0,674	0,674	0,674
0,618	0,674	0,674	0,674
0,000	0,000	0,000	0,000
0,000	0,000	0,000	0,000
0,618	0,674	0,599	0,674
0,618	0,674	0,599	0,674
0,618	0,674	0,599	0,674
0,618	0,674	0,599	0,674
0,618	0,674	0,599	0,674
0,618	0,674	0,599	0,674
0,618	0,674	0,599	0,674
0,618	0,674	0,599	0,674
0,618	0,674	0,599	0,674
0,618	0,674	0,599	0,674
0,618	0,674	0,599	0,674
0,618	0,674	0,599	0,674
0,618	0,674	0,599	0,674
0,618	0,674	0,599	0,674
0,618	0,674	0,599	0,674
0,000	0,000	0,000	0,000
0,000	0,000	0,000	0,000
0,000	0,000	0,000	0,000
0,000	0,000	0,000	0,000
0,000	0,000	0,000	0,000
0,000	0,000	0,000	0,000
0,000	0,000	0,000	0,000
0,000	0,000	0,000	0,000
2,154	0,000	0,000	0,000
5,037	0,000	0,000	0,000
7,163	0,000	0,000	0,000
10,150	3,109	0,000	3,109
13,455	3,109	0,000	3,109
14,494	4,185	0,000	4,185
15,534	5,262	0,009	5,262
17,060	7,013	0,009	7,013
19,831	7,013	0,009	7,013
22,706	7,013	0,009	7,013
24,700	9,082	0,009	9,082
27,500	9,082	0,009	9,082
30,730	9,092	0,009	9,092
33,605	9,092	0,009	9,092
36,985	9,101	0,009	9,101
36,845	11,423	0,009	11,423
37,294	11,423	0,009	11,423
39,082	11,423	0,009	11,423
38,717	8,315	0,009	8,315
38,951	8,315	0,009	8,315
39,794	7,238	0,009	7,238
44,176	6,161	0,000	6,161
45,112	4,410	0,000	4,410
45,833	4,410	0,000	4,410
44,242	4,410	0,000	4,410
45,543	2,341	0,000	2,341
47,069	2,341	0,000	2,341
47,097	2,331	0,000	2,331
45,693	2,331	0,000	2,331
44,316	4,251	0,000	4,251
45,300	1,929	0,000	1,929
45,412	1,929	0,000	1,929
45,019	1,929	0,000	1,929
45,637	1,929	0,000	1,929
45,375	1,929	0,000	1,929
46,938	1,929	0,000	1,929
44,981	1,929	0,000	1,929
45,777	1,929	0,000	1,929
44,860	1,929	0,000	1,929
47,125	5,300	0,000	5,300
47,406	5,300	0,000	5,300
46,610	5,318	0,000	5,318
46,919	5,328	0,000	5,328
47,406	7,369	0,000	7,369
48,221	5,440	0,000	5,440
48,642	5,440	0,000	5,440
48,624	5,440	0,000	5,440
48,530	5,440	0,000	5,440
48,558	5,440	0,000	5,440
48,699	5,440	0,000	5,440
47,612	7,566	0,000	7,566
47,032	7,575	0,000	7,575
46,657	7,584	0,028	7,584
48,202	7,584	0,028	7,584
48,811	4,213	0,028	4,213
48,408	4,213	0,028	4,213
49,822	4,195	0,028	4,195
51,199	4,185	0,028	4,185
49,700	2,622	0,028	2,622
47,341	3,099	0,028	3,099
47,097	3,127	0,028	3,127
47,041	6,461	0,028	6,461
45,375	8,146	0,028	8,146
45,468	8,146	0,028	8,146
43,755	8,146	0,028	8,146
43,558	6,021	0,028	6,021
44,110	6,011	0,028	6,011
44,485	6,002	0,000	6,002
43,727	6,002	0,000	6,002
43,605	6,002	0,000	6,002
42,257	7,884	3,268	7,884
38,567	8,979	3,268	8,979
33,624	8,979	3,305	8,979
36,564	8,502	3,305	8,502
39,541	8,024	3,305	8,024
39,616	7,996	3,305	7,996
40,478	4,663	3,305	4,663
42,949	2,978	3,305	2,978
39,925	3,258	3,305	3,258
40,253	5,206	3,305	5,206
40,122	7,154	5,487	7,154
40,122	10,543	5,487	10,543
38,455	12,191	6,919	12,191
36,685	13,839	8,352	13,839
33,633	14,672	8,352	14,672
32,790	13,624	5,084	13,624
32,519	13,361	5,084	13,361
32,519	13,361	5,272	13,361
29,120	13,361	5,496	13,361
25,684	13,361	6,311	13,361
22,434	13,361	9,775	13,361
18,202	13,361	13,240	13,240
13,970	13,361	13,240	13,240
13,633	13,081	14,766	14,766
11,601	11,133	16,292	16,292
10,159	9,747	14,850	14,850
7,313	6,919	16,919	16,919
6,311	5,833	15,487	15,487
5,309	4,747	14,054	14,054
7,725	7,238	14,054	14,054
10,140	9,728	14,054	14,054
12,556	12,219	14,054	14,054
15,955	15,543	13,830	13,830
19,354	18,867	13,605	13,605
22,753	22,191	12,790	12,790
26,058	22,191	9,326	9,326
29,363	22,191	5,861	5,861
32,669	22,191	5,861	5,861
35,974	22,191	4,335	4,335
39,307	25,796	6,170	6,170
39,092	25,684	5,431	5,431
41,039	27,519	3,361	3,361
42,275	28,839	6,685	6,685
43,511	30,159	6,685	6,685
41,657	28,399	6,685	6,685
41,573	28,277	6,685	6,685
41,489	28,155	6,695	6,695
41,404	28,034	6,704	6,704
39,476	26,077	6,704	6,704
37,547	24,120	6,704	6,704
36,180	26,180	8,727	8,727
34,813	28,240	10,749	10,749
34,869	31,526	10,749	10,749
32,303	32,285	10,768	10,768
30,852	30,356	10,468	10,468
33,783	33,062	13,530	13,530
34,551	33,820	13,530	13,530
36,030	35,094	10,206	10,206
37,509	36,367	10,206	10,206
39,270	37,959	10,206	10,206
37,210	36,105	10,206	10,206
35,552	34,616	11,461	11,461
33,933	33,399	13,502	13,502
34,157	34,017	15,627	15,627
34,382	34,635	17,809	17,809
34,139	34,560	15,787	15,787
33,895	34,485	13,764	13,764
33,886	34,588	17,022	17,022
34,794	35,637	20,459	20,459
34,560	35,768	17,397	17,397
34,644	35,974	14,335	14,335
33,118	34,719	17,594	17,594
31,507	33,343	20,852	20,852
28,605	30,609	21,273	21,273
27,706	29,953	21,273	21,273
28,858	31,105	21,273	21,273
29,607	31,891	20,009	20,009
29,448	31,311	17,959	17,959
27,753	29,326	15,833	15,833
29,232	30,609	14,279	14,279
30,712	31,891	14,279	14,279
32,191	33,174	14,363	14,363
32,013	33,052	11,189	11,189
32,275	33,090	7,818	7,818
33,137	33,680	7,818	7,818
32,257	32,715	7,818	7,818
33,071	33,249	4,560	4,560
33,970	33,904	4,551	4,551
36,161	35,918	7,378	7,378
36,348	35,852	7,388	7,388
35,674	34,953	7,388	7,388
35,000	34,054	7,388	7,388
35,178	34,139	7,388	7,388
36,882	35,796	7,388	7,388
37,051	35,758	8,867	8,867
37,219	35,721	8,867	8,867
37,388	35,684	8,783	8,783
36,217	34,597	10,852	10,852
37,472	36,170	10,768	10,768
38,127	37,191	10,768	10,768
38,783	38,212	10,768	10,768
36,189	35,777	11,142	11,142
33,596	33,343	10,066	10,066
32,331	32,341	6,816	6,816
31,067	31,339	8,549	8,549
30,964	31,442	8,549	8,549
29,326	29,953	8,549	8,549
30,543	31,657	8,549	8,549
32,369	33,230	8,549	8,549
31,470	32,116	9,738	9,738
28,436	29,195	10,047	10,047
28,287	29,148	13,305	13,305
29,476	30,150	11,152	11,152
29,504	29,916	11,152	11,152
26,339	26,498	11,152	11,152
25,206	25,084	11,152	11,152
27,238	27,088	10,777	10,777
28,614	28,258	8,764	8,764
27,285	26,826	8,764	8,764
29,260	28,773	9,036	9,036
29,906	29,466	9,036	9,036
30,955	30,506	9,036	9,036
29,167	28,464	9,934	9,934
26,779	26,386	10,833	10,833
25,478	25,421	10,815	10,815
26,311	26,264	10,506	10,506
26,470	26,264	7,247	7,247
26,629	26,264	7,247	7,247
26,788	26,264	7,247	7,247
30,140	29,448	7,247	7,247
29,326	28,867	7,247	7,247
29,906	29,607	7,247	7,247
30,000	30,075	7,088	7,088
31,470	31,713	7,088	7,088
29,635	29,972	5,075	5,075
28,830	29,213	5,075	5,075
29,157	29,700	5,075	5,075
28,801	29,522	4,204	4,204
28,886	29,513	3,455	3,455
28,970	29,504	0,178	0,178
30,824	31,264	2,322	2,322
30,468	30,993	3,464	3,464
29,419	30,281	3,464	3,464
28,699	29,560	3,464	3,464
27,734	28,961	3,464	3,464
27,388	28,436	3,464	3,464
28,062	28,970	3,464	3,464
28,221	29,195	3,464	3,464
29,073	29,785	3,474	3,474
28,305	28,708	3,474	3,474
26,835	27,069	3,474	3,474
25,365	25,431	3,474	3,474
25,197	25,131	4,120	4,120
24,588	24,663	3,970	3,970
26,442	26,854	3,970	3,970
23,961	24,504	2,388	2,388
22,163	22,743	1,283	1,283
21,058	21,423	1,311	1,311
19,813	20,393	1,311	1,311
20,777	21,208	1,311	1,311
23,034	23,736	1,311	1,311
22,875	23,886	1,311	1,311
23,455	24,223	3,361	3,361
21,133	21,994	3,352	3,352
20,431	21,433	3,352	3,352
20,946	21,994	3,914	3,914
22,228	23,165	3,933	3,933
21,610	22,491	3,258	3,258
23,418	24,157	3,258	3,258
20,852	21,386	3,820	3,820
23,567	24,139	3,464	3,464
25,599	26,301	3,427	3,427
24,831	25,543	3,399	3,399
26,732	27,500	3,399	3,399
26,667	27,491	3,399	3,399
25,412	26,208	3,399	3,399
24,157	24,925	3,399	3,399
23,361	24,139	1,348	1,348
24,775	25,552	1,348	1,348
26,189	26,966	1,348	1,348
27,088	27,818	0,787	0,787
27,509	28,315	0,768	0,768
28,502	29,270	0,918	0,918
29,298	30,178	0,918	0,918
28,783	29,635	2,687	2,687
26,067	26,770	2,481	2,481
23,352	23,904	2,481	2,481
23,436	23,961	2,481	2,481
21,919	22,313	4,457	4,457
20,403	20,665	4,457	4,457
21,760	21,957	6,770	6,770
20,197	20,122	7,322	7,322
22,191	21,760	7,322	7,322
23,118	22,678	7,322	7,322
24,045	23,596	7,322	7,322
24,972	24,513	7,322	7,322
25,609	25,178	8,090	8,090
26,433	25,993	11,227	11,227
25,028	24,513	11,227	11,227
26,845	26,264	8,895	8,895
27,650	27,135	8,895	8,895
28,455	28,006	8,895	8,895
29,260	28,876	8,895	8,895
28,811	28,455	10,215	10,215
28,979	28,923	13,670	13,670
27,687	27,697	11,358	11,358
27,856	27,865	14,017	14,017
24,925	25,290	17,228	17,228
23,062	23,436	17,444	17,444
20,721	21,114	17,453	17,453
20,309	20,787	19,607	19,607
19,897	20,459	21,011	21,011
20,009	20,693	17,725	17,725
19,391	20,206	17,725	17,725
18,773	19,719	17,725	17,725
18,652	19,682	17,753	17,753
17,669	18,708	18,558	18,558
16,685	17,734	19,363	19,363
18,708	19,747	16,114	16,114
16,770	17,537	13,408	13,408
14,831	15,328	13,624	13,624
16,985	14,850	10,412	10,412
19,803	14,373	7,200	7,200
19,326	13,895	6,985	6,985
20,337	13,886	6,976	6,976
21,685	11,882	4,822	4,822
22,809	13,221	2,650	2,650
24,251	11,217	2,650	2,650
23,052	9,934	2,650	2,650
21,854	8,652	2,650	2,650
24,223	7,369	2,622	2,622
23,886	7,022	1,816	1,816
28,830	6,676	1,011	1,011
25,487	3,343	0,964	0,964
28,174	3,343	0,215	0,215
31,348	3,343	0,000	0,000
28,717	3,343	0,000	0,000
26,414	3,343	0,000	0,000
26,414	3,343	0,983	3,343
25,403	3,343	0,983	3,343
22,463	3,343	0,983	3,343
20,365	0,000	0,983	0,000
16,994	0,000	0,983	0,000
22,144	0,000	0,983	0,000
22,144	0,000	0,983	0,000
18,624	0,000	0,983	0,000
18,867	0,000	0,983	0,000
15,375	0,000	0,983	0,000
15,515	0,000	0,983	0,000
16,245	0,000	0,983	0,000
13,886	0,000	0,983	0,000
17,219	0,000	0,983	0,000
19,476	0,000	0,983	0,000
19,476	0,000	0,000	0,000
19,569	0,000	0,000	0,000
20,337	0,000	0,000	0,000
19,382	0,000	0,000	0,000
19,382	0,000	0,000	0,000
14,232	0,000	0,000	0,000
14,232	0,000	0,000	0,000
14,185	0,000	0,000	0,000
13,942	0,000	0,000	0,000
12,154	0,000	0,000	0,000
12,013	0,000	0,000	0,000
8,596	0,000	0,000	0,000
7,903	0,000	0,000	0,000
4,569	0,000	0,000	0,000
1,320	0,000	0,000	0,000
1,320	0,000	0,000	0,000
1,227	0,000	0,000	0,000
0,131	0,000	0,000	0,000
0,131	0,000	0,000	0,000
0,131	0,000	0,000	0,000
2,556	0,000	0,000	0,000
5,936	0,000	0,000	0,000
7,987	0,000	0,000	0,000
7,987	0,000	0,000	0,000
11,423	0,000	0,000	0,000
11,423	0,000	0,000	0,000
11,423	0,000	0,000	0,000
16,489	0,000	0,000	0,000
16,489	0,000	0,000	0,000
16,489	0,000	0,000	0,000
16,489	0,000	0,000	0,000
16,498	0,000	0,000	0,000
19,298	0,000	0,000	0,000
19,298	0,000	0,000	0,000
19,298	0,000	0,000	0,000
16,873	0,000	0,000	0,000
13,493	0,000	0,000	0,000
11,442	0,000	0,000	0,000
14,691	0,000	0,000	0,000
11,255	0,000	0,000	0,000
11,255	0,000	0,000	0,000
11,264	0,000	0,000	0,000
6,077	0,000	0,000	0,000
9,981	0,000	0,000	0,000
10,712	0,000	0,000	0,000
10,712	0,000	0,000	0,000
14,860	0,000	0,000	0,000
12,725	0,000	0,000	0,000
12,725	0,000	0,000	0,000
15,777	0,000	0,000	0,000
15,777	0,000	0,000	0,000
15,777	0,000	0,000	0,000
17,931	0,000	0,000	0,000
17,940	0,000	0,000	0,000
17,940	0,000	0,000	0,000
18,230	0,000	0,000	0,000
21,573	0,000	0,000	0,000
21,573	0,000	0,000	0,000
21,049	0,000	0,000	0,000
24,635	0,000	0,000	0,000
24,635	0,000	0,000	0,000
23,745	0,009	0,000	0,009
23,071	0,009	0,000	0,009
23,071	0,009	0,000	0,009
22,444	0,009	0,000	0,009
23,184	0,009	0,000	0,009
23,923	0,009	0,421	0,009
21,770	0,009	0,421	0,009
21,891	0,009	0,421	0,009
23,436	0,009	0,421	0,009
26,713	0,009	0,421	0,009
27,116	0,009	0,421	0,009
27,116	0,009	0,421	0,009
27,004	0,009	0,421	0,009
25,918	0,009	0,421	0,009
28,034	0,009	0,421	0,009
